1000
0 348 9
0 810 8
0 876 12
1 427 12
1 762 4
1 533 4
1 201 10
1 992 7
1 131 10
1 50 12
2 84 8
2 624 11
2 129 13
3 938 7
3 412 1
3 385 10
4 632 14
4 882 11
4 126 8
4 705 8
4 835 7
4 49 8
5 570 17
5 319 1
5 862 8
5 276 13
5 813 7
6 317 2
6 703 6
6 688 7
6 654 4
6 51 7
7 499 21
7 531 9
7 479 13
7 261 17
7 64 5
8 681 9
8 254 3
8 196 9
9 731 2
9 339 14
9 820 14
9 861 13
9 277 11
9 232 17
9 246 1
10 910 9
11 115 12
11 372 21
11 616 6
11 951 1
12 422 9
12 187 7
12 271 3
12 284 3
12 464 8
12 84 7
13 602 3
13 167 3
13 773 9
13 257 15
13 219 13
14 272 7
14 788 6
14 699 4
14 534 11
15 852 12
15 381 14
15 789 6
15 49 11
16 112 4
16 128 7
16 869 15
16 974 6
16 405 13
16 102 12
16 220 10
17 316 8
17 218 8
17 593 9
17 933 3
17 169 3
18 16 11
18 120 13
18 440 5
18 300 2
19 584 6
19 525 15
20 903 18
20 752 10
20 299 18
20 160 9
20 971 16
20 571 11
21 948 14
21 671 13
21 106 13
21 800 4
21 52 12
21 895 1
22 849 9
22 165 9
22 23 8
22 719 9
22 139 11
23 429 14
24 822 6
24 360 13
24 745 9
24 40 15
25 954 3
25 679 9
25 210 10
25 970 11
25 799 4
25 651 5
25 271 7
26 383 14
26 177 4
26 174 9
26 135 12
26 476 13
27 334 11
28 107 7
28 47 10
28 283 23
28 778 9
28 154 10
28 84 3
28 831 3
29 49 5
29 934 9
30 996 5
30 72 9
30 653 16
30 136 15
30 502 11
30 476 15
31 496 16
31 248 9
31 517 12
31 450 8
31 927 13
32 727 6
32 421 8
32 726 16
32 379 18
32 692 23
33 110 13
33 556 10
33 866 11
34 246 12
34 32 2
34 201 10
34 353 9
35 80 8
35 484 6
35 132 3
35 234 11
36 568 5
36 964 7
36 283 4
36 502 14
36 960 13
36 356 5
37 156 19
37 96 24
37 859 1
37 632 6
37 593 11
38 107 18
38 150 10
39 44 15
39 35 4
39 877 8
39 465 18
40 761 2
40 256 4
40 157 9
41 872 14
41 813 10
41 24 7
41 118 6
41 845 15
41 226 12
41 472 3
42 925 16
42 710 14
42 605 11
42 160 4
42 279 17
45 569 13
45 443 5
45 782 16
45 529 14
46 800 5
46 938 17
46 626 6
46 660 4
46 571 8
46 219 13
46 767 12
47 721 15
47 263 11
47 802 18
47 599 13
47 729 10
48 564 3
48 856 11
48 886 11
48 437 11
48 669 13
50 911 6
50 555 11
50 515 5
51 137 7
51 27 16
51 440 9
52 848 13
53 632 15
53 600 14
54 128 8
54 202 8
54 44 9
54 910 8
55 731 8
55 845 10
55 849 15
56 358 11
56 505 8
56 421 9
56 578 9
56 273 12
56 143 8
56 842 10
57 76 13
57 743 8
57 571 9
57 641 17
57 599 12
58 458 5
58 78 6
58 269 12
58 370 11
59 633 6
59 784 11
60 508 12
60 661 7
60 225 1
60 357 7
60 294 11
61 826 15
61 485 13
61 496 14
62 870 14
62 396 11
62 228 10
62 716 9
62 245 3
62 587 1
63 222 11
63 667 4
63 165 5
63 496 18
63 810 16
63 8 12
63 573 11
64 553 7
64 579 7
64 214 18
64 153 10
64 38 2
64 292 5
64 423 7
65 408 7
65 926 17
65 207 8
65 916 8
65 588 9
65 432 10
65 273 10
66 883 13
66 258 8
67 759 5
67 380 22
67 129 1
67 155 6
67 608 7
67 846 8
67 401 10
67 196 8
67 69 13
68 69 9
68 361 10
68 565 9
68 879 11
68 370 13
69 138 10
69 433 8
69 950 9
70 353 3
70 587 15
70 988 9
71 645 5
71 10 14
72 397 7
72 572 9
72 218 15
72 314 11
73 161 3
73 650 8
73 587 10
73 44 14
73 909 18
74 347 16
74 424 6
74 39 14
74 503 15
74 33 13
74 886 11
75 904 15
75 229 3
75 955 8
76 973 4
77 591 14
77 520 14
77 853 10
77 961 17
77 659 11
77 287 6
77 911 7
77 12 11
77 875 6
78 900 11
78 658 9
78 885 11
79 297 5
79 231 6
80 104 9
80 611 13
80 392 9
80 754 19
80 199 3
81 436 19
81 664 11
81 546 4
81 861 12
81 704 9
81 49 13
81 894 8
81 590 16
81 954 17
82 124 10
82 545 3
82 928 11
82 715 8
83 66 9
83 782 6
83 677 15
83 726 2
83 69 19
83 589 10
85 738 4
85 945 10
85 489 9
85 397 6
85 831 11
85 787 12
86 628 12
86 935 10
86 398 16
87 20 11
87 690 11
87 598 13
88 457 5
88 354 7
88 144 14
88 319 7
89 58 19
89 194 10
89 214 6
89 649 11
89 149 10
89 338 16
90 77 9
90 54 11
90 261 9
90 859 11
90 731 14
90 987 1
90 929 9
90 321 16
90 726 7
91 874 7
91 811 5
91 123 14
91 706 17
92 598 12
92 752 14
92 641 6
92 997 16
92 773 14
92 331 10
92 595 9
93 231 14
93 686 2
93 740 13
93 550 8
93 744 6
94 934 10
94 764 12
95 394 8
95 83 13
95 102 13
96 589 9
96 161 11
96 157 12
96 850 12
96 20 12
97 889 14
97 838 3
97 950 14
97 210 2
98 565 12
98 825 11
98 21 14
99 689 6
99 531 6
99 620 12
99 441 1
100 173 6
100 617 15
100 214 4
101 504 11
101 212 10
101 446 10
101 190 11
101 952 11
101 996 17
102 935 7
102 887 7
103 761 11
103 329 15
103 971 6
103 864 5
103 918 9
103 132 10
103 21 17
104 769 11
104 153 11
104 910 5
104 608 12
105 104 18
105 121 9
105 173 17
105 929 15
105 143 12
105 862 20
105 461 2
105 763 7
105 304 5
107 634 12
107 381 6
108 519 22
108 138 6
109 594 1
109 965 18
109 329 7
109 546 12
109 961 4
110 264 14
111 434 11
111 722 9
111 594 11
111 405 12
112 586 1
112 512 4
112 538 7
112 608 9
112 281 18
112 691 7
113 518 3
113 890 7
113 795 14
113 640 5
113 63 9
114 725 10
114 783 10
114 925 7
114 187 9
115 547 11
115 230 11
116 821 16
116 928 7
116 749 6
116 960 12
116 522 2
116 714 4
116 289 13
116 69 10
117 676 1
118 554 6
118 503 6
118 399 6
118 148 16
118 909 9
119 985 17
119 660 5
119 447 8
119 593 15
119 942 11
120 139 3
120 112 8
120 832 5
121 935 12
121 752 10
122 896 19
122 661 8
122 536 10
123 822 15
123 848 14
123 83 4
123 52 9
123 669 13
124 11 11
124 801 9
124 630 13
124 533 6
125 516 15
125 919 7
125 603 14
125 192 5
125 474 13
126 107 7
126 591 4
126 622 1
127 16 19
127 577 16
127 283 11
127 464 15
127 171 6
127 226 6
128 604 9
128 283 6
129 59 9
129 540 9
129 36 4
130 955 12
130 201 7
130 572 3
130 778 9
131 49 7
131 656 10
131 830 9
131 719 6
131 667 9
132 631 12
132 349 15
133 201 12
133 147 5
133 269 1
133 804 6
133 340 14
133 743 16
134 912 7
134 931 5
134 365 20
134 929 9
134 508 13
135 649 7
135 394 3
135 679 10
135 875 12
136 998 9
136 963 11
136 935 12
136 538 10
137 999 7
137 891 8
137 740 8
137 572 2
137 669 9
137 789 13
137 228 5
138 499 18
138 508 5
138 896 8
138 131 5
138 857 12
139 97 10
139 279 11
140 126 6
140 902 6
140 619 5
140 869 11
140 815 13
141 551 20
142 235 7
142 744 11
142 59 6
142 884 10
144 138 10
144 739 11
144 760 7
144 137 6
144 703 9
144 696 8
145 676 9
145 703 12
145 587 8
145 416 10
145 275 17
146 256 4
146 205 3
146 504 2
146 756 7
146 713 6
146 400 14
146 888 4
147 571 14
147 498 10
147 167 13
147 698 14
147 401 13
147 787 13
148 568 7
148 217 21
148 338 3
148 803 5
149 961 4
151 398 13
151 688 6
151 99 7
151 138 16
151 449 12
151 237 9
152 841 14
152 145 8
152 913 11
152 544 8
152 733 9
152 329 1
153 820 14
153 989 10
154 534 9
154 324 9
154 746 6
155 248 5
156 725 6
156 634 13
156 820 2
157 224 10
157 802 1
158 518 19
158 626 5
159 590 10
159 86 11
159 843 11
159 929 9
160 890 5
160 804 16
161 327 11
161 578 13
161 904 7
162 466 5
162 28 5
162 141 12
163 307 1
163 173 10
163 54 11
163 852 14
163 907 11
163 384 12
163 672 9
163 897 4
163 918 14
163 997 9
164 643 15
164 167 17
164 723 7
164 278 10
164 987 9
164 947 3
164 80 14
165 506 8
165 574 12
165 670 7
165 592 13
166 418 10
166 599 9
166 482 9
167 223 5
167 927 11
167 61 2
167 127 14
167 393 8
167 90 9
168 269 19
168 701 4
168 263 2
168 324 7
168 554 2
168 171 2
168 708 14
169 226 23
169 68 11
170 627 13
170 224 4
170 711 10
170 794 12
170 947 16
170 989 10
172 782 9
172 895 9
172 70 4
172 288 11
172 470 6
173 741 11
173 880 14
173 888 12
174 340 2
174 363 19
174 111 12
174 268 21
175 425 12
175 239 3
175 662 2
175 515 12
175 509 14
175 364 15
175 779 7
176 833 11
176 918 7
176 950 4
176 542 12
176 145 9
176 18 14
176 170 14
176 369 13
177 730 11
178 964 14
178 317 1
178 719 9
178 746 17
178 213 6
179 790 15
179 35 16
180 683 13
180 531 6
180 916 8
180 571 5
180 872 8
180 279 4
180 682 2
181 140 5
181 705 15
181 922 7
181 802 15
181 221 14
181 431 6
181 166 7
182 0 13
182 265 10
183 85 10
184 951 12
184 807 5
184 230 14
185 969 6
185 977 13
185 600 14
185 700 1
186 942 14
186 917 18
186 420 1
186 689 11
186 130 11
187 210 16
187 724 13
187 814 9
188 741 15
188 640 9
188 385 8
189 613 7
189 920 2
190 68 12
190 753 8
190 626 14
191 990 13
191 556 7
191 847 13
191 421 13
192 723 7
193 848 14
193 686 4
193 808 11
193 799 9
195 494 11
195 39 11
195 769 3
195 472 12
195 639 9
196 469 5
196 414 17
196 556 6
196 889 12
197 103 8
197 687 18
197 99 6
197 828 11
197 501 10
198 841 10
198 469 8
198 887 15
198 455 8
198 389 12
199 955 10
199 208 7
199 16 15
199 946 7
200 765 7
200 863 6
200 368 17
200 488 12
200 711 7
202 55 3
203 297 9
203 511 13
203 549 7
203 336 5
204 280 12
204 22 10
204 975 7
205 750 6
205 436 20
205 532 8
205 640 4
205 540 11
206 220 9
206 740 11
206 369 21
206 722 10
206 581 3
206 838 3
207 609 3
207 36 5
207 228 10
208 565 9
208 245 13
208 244 6
208 511 12
208 11 3
209 107 5
209 880 5
209 499 5
209 819 12
209 935 7
209 796 11
211 331 17
211 485 5
211 133 13
211 611 17
211 507 5
211 108 11
211 362 7
211 944 11
213 641 6
215 2 6
215 484 8
215 861 13
216 743 12
216 854 13
218 583 6
222 324 10
222 692 7
222 193 12
223 361 18
223 920 10
223 758 6
223 607 11
224 164 8
224 270 7
224 618 6
224 272 12
224 150 9
225 117 2
225 92 2
225 86 2
225 914 9
225 423 8
225 571 2
225 48 11
225 35 5
226 79 4
226 157 12
226 398 14
226 23 13
226 798 20
226 400 7
227 508 8
227 660 13
227 144 8
227 362 6
229 243 11
229 468 11
229 54 14
229 437 11
229 830 12
230 975 9
231 196 6
231 437 6
232 140 13
233 466 13
233 56 2
233 413 7
233 617 14
234 174 9
234 505 12
234 703 9
234 89 7
235 929 18
235 275 9
235 137 4
235 964 10
236 354 2
236 294 13
236 362 10
237 378 1
237 92 11
237 763 9
238 886 5
239 752 14
240 907 10
240 249 9
240 996 4
240 376 9
241 303 16
241 434 14
241 207 6
241 279 15
241 630 10
242 645 7
242 419 3
242 96 10
242 701 11
242 832 6
242 714 6
243 875 8
243 338 22
243 418 9
244 964 8
244 267 14
244 694 11
244 101 12
245 232 9
245 49 16
245 396 10
246 595 8
246 427 5
246 488 12
246 359 16
247 314 7
247 241 6
247 266 4
247 563 9
247 238 10
248 643 7
248 867 14
249 672 13
249 851 15
250 146 20
250 302 8
250 496 5
250 565 5
251 399 8
251 197 10
251 398 3
251 114 17
251 73 5
252 736 11
252 532 9
252 37 21
252 4 3
252 227 12
252 139 3
253 236 14
253 276 14
253 535 7
253 831 15
253 704 6
253 24 4
253 190 9
253 18 12
254 266 3
254 457 12
255 581 11
255 504 16
255 101 13
255 449 6
255 177 8
255 953 8
255 595 6
256 480 8
256 449 3
256 161 13
257 880 8
258 647 12
258 559 11
259 994 11
259 721 13
259 296 15
259 527 13
259 759 3
260 301 19
260 755 14
260 898 13
260 537 11
260 31 10
261 434 14
261 369 10
261 735 6
262 458 14
262 560 12
262 753 17
262 724 7
262 18 9
262 335 14
262 229 12
263 120 2
264 784 6
264 407 11
264 73 12
265 380 12
265 887 3
265 523 13
265 542 11
265 768 8
265 171 10
265 102 3
265 763 11
266 892 7
267 398 18
267 291 7
268 651 14
268 699 21
269 46 7
270 549 12
270 237 10
270 77 5
270 984 10
270 607 13
271 813 8
271 442 3
271 168 11
272 567 9
272 167 11
272 186 7
272 903 9
272 397 8
273 307 12
273 688 13
273 805 12
274 380 11
274 68 7
274 693 14
274 904 9
275 610 9
275 461 19
275 75 17
275 712 6
275 224 3
276 967 7
276 111 6
277 515 5
278 619 14
278 811 6
278 562 15
278 168 6
279 49 10
279 640 9
279 153 16
280 656 4
280 453 8
280 596 13
281 824 5
281 20 9
281 763 18
282 11 11
282 924 11
283 161 12
284 319 11
284 612 10
285 966 14
285 700 9
285 680 4
285 659 10
286 604 3
286 291 10
286 121 9
286 679 4
286 4 5
287 346 3
287 647 13
287 115 15
288 861 10
288 266 21
289 927 8
289 424 12
290 435 12
290 976 8
290 64 8
290 588 8
290 633 10
290 517 12
291 184 15
291 458 1
291 538 7
291 948 18
292 470 15
292 462 10
292 110 17
292 789 18
293 74 6
293 77 6
293 489 11
293 755 5
293 737 8
294 93 12
294 47 4
294 858 13
294 773 5
295 51 7
295 204 15
295 421 16
296 167 8
296 66 11
296 687 10
298 95 18
298 490 9
298 123 18
298 71 16
298 554 3
298 711 2
299 704 9
299 72 15
299 896 8
299 163 9
299 611 19
299 845 10
299 633 7
300 73 16
301 955 5
302 422 23
302 148 20
302 32 7
303 912 7
303 904 15
304 769 10
304 6 13
304 951 10
304 628 8
305 780 11
305 3 8
305 832 5
305 201 5
307 170 10
307 898 7
307 889 11
308 265 8
308 389 15
308 12 9
308 337 17
308 944 11
308 724 5
309 42 14
309 17 19
309 621 10
309 205 4
309 628 10
309 466 18
310 839 1
310 702 5
310 421 21
310 262 15
310 851 15
310 454 5
311 174 4
311 755 20
311 224 12
312 180 11
312 707 6
313 852 16
313 960 4
313 710 20
313 684 15
313 162 12
313 881 19
313 583 8
313 51 5
313 147 10
314 972 9
314 64 4
314 484 8
314 917 11
314 789 4
315 527 19
315 934 5
315 410 17
315 732 7
315 562 15
317 876 10
317 572 8
317 265 8
317 298 10
317 834 7
318 116 8
318 753 9
318 8 16
319 871 15
319 977 8
319 189 10
320 578 9
320 829 2
320 150 10
320 288 8
320 514 11
322 313 10
322 170 5
322 97 5
323 364 9
323 317 7
323 70 14
323 429 9
325 802 10
325 987 9
325 218 6
325 329 12
325 922 5
325 629 9
325 62 3
326 485 11
326 505 2
326 634 7
326 750 4
326 804 9
326 468 7
327 866 7
327 557 6
327 477 4
327 737 19
328 534 8
328 667 11
328 316 13
328 364 8
328 817 13
329 605 12
329 878 7
330 130 10
330 775 4
330 976 11
330 495 3
330 92 4
330 46 6
330 924 9
330 894 5
331 34 11
331 143 18
331 224 10
331 957 4
332 772 8
332 286 5
332 442 11
333 278 6
333 920 10
333 192 13
334 82 7
334 389 10
334 58 15
335 640 3
335 866 17
335 796 3
335 174 7
336 533 11
336 112 12
336 538 13
336 351 5
336 717 8
338 417 9
338 481 9
338 493 2
338 393 12
339 977 13
339 586 14
339 440 18
339 902 13
339 481 10
341 475 10
342 45 12
342 705 8
342 432 12
342 818 15
342 991 13
343 874 12
343 96 10
343 911 1
343 67 10
344 179 8
344 301 6
344 125 22
344 819 16
345 167 9
345 922 11
345 994 8
345 701 14
345 34 10
346 533 12
346 52 4
346 752 6
346 950 16
347 534 7
347 245 12
347 343 6
347 511 14
348 831 7
348 784 21
348 414 3
348 312 7
348 259 16
348 460 15
349 17 15
349 692 3
349 278 3
349 9 2
349 567 10
350 375 14
350 920 3
350 634 9
350 555 13
351 222 21
351 760 9
351 375 17
351 389 1
351 682 16
352 369 4
352 90 12
352 717 5
353 902 13
353 143 7
354 469 10
354 852 9
354 677 6
354 715 4
355 196 11
355 189 5
355 546 11
355 980 2
355 604 21
356 859 14
356 240 9
356 64 12
356 877 12
357 932 15
357 343 15
358 886 2
358 500 10
358 719 6
359 807 15
359 134 8
360 274 13
360 29 12
360 895 8
361 649 16
361 419 14
363 577 6
363 18 19
363 510 8
363 294 12
363 920 7
364 653 4
364 764 5
364 773 4
365 331 1
365 479 10
365 969 8
365 521 18
365 26 7
366 950 3
366 125 7
366 886 13
367 190 12
367 763 17
369 123 8
370 533 9
370 650 11
371 623 17
371 252 8
372 458 11
372 758 9
373 526 1
373 487 7
373 653 2
373 176 14
374 907 6
374 230 8
375 195 9
376 417 3
376 525 20
376 115 15
376 71 6
376 290 14
376 889 14
376 402 12
376 769 11
377 859 14
377 924 4
378 796 8
378 809 14
378 49 7
378 682 12
379 0 15
379 240 10
379 445 9
379 124 10
379 773 17
379 96 9
379 747 7
380 25 5
380 554 9
380 505 6
381 552 9
381 41 14
382 158 9
383 728 5
383 948 12
383 389 8
385 923 4
385 366 11
385 915 10
386 39 15
386 437 6
386 205 9
386 929 6
386 840 14
386 975 8
387 788 12
387 764 10
387 771 8
387 598 14
387 814 5
387 453 5
387 599 12
387 54 10
388 899 5
388 723 5
388 827 11
388 995 6
388 470 16
388 853 15
388 549 15
388 976 3
389 405 14
389 591 20
390 135 9
390 134 12
390 540 5
390 525 11
390 58 9
391 906 16
391 441 10
392 98 11
392 343 4
393 646 18
393 27 12
394 184 16
394 622 5
394 816 10
394 948 15
395 393 3
395 414 10
395 762 5
397 847 15
398 14 21
398 816 15
398 746 9
398 737 1
398 644 11
399 742 11
399 208 9
399 497 6
400 291 16
400 185 8
401 903 14
401 883 15
402 320 5
402 38 14
402 424 8
402 846 13
402 96 8
403 330 6
403 287 4
403 195 7
404 674 2
404 934 7
404 222 11
404 858 7
406 556 22
406 39 7
406 806 6
406 950 7
407 454 6
407 569 17
408 797 9
408 468 10
408 386 6
408 544 11
409 206 3
409 31 12
409 286 7
409 414 4
409 529 9
411 578 8
411 600 4
411 432 5
411 462 2
411 920 11
412 471 4
412 886 14
412 766 10
413 568 5
413 216 19
413 54 3
415 763 1
415 891 14
415 988 8
415 986 5
415 750 7
415 544 3
415 25 7
415 557 10
416 495 12
416 479 2
416 126 15
416 292 7
416 948 15
416 513 22
416 836 12
416 154 20
417 544 7
417 123 8
417 569 19
417 73 15
417 701 11
417 169 4
417 506 9
419 164 13
419 89 12
419 977 7
419 50 6
419 856 10
419 546 13
420 266 11
420 911 9
420 309 9
420 158 3
420 899 9
421 908 11
423 444 5
423 321 6
424 465 6
424 939 2
424 801 6
424 592 22
425 231 13
425 749 15
425 105 12
426 68 5
426 903 19
426 649 16
426 192 6
426 472 7
426 723 18
426 894 5
428 642 8
428 229 5
428 58 12
428 732 9
428 207 9
428 108 18
429 588 9
430 753 14
430 375 9
430 500 9
430 63 9
430 533 13
431 399 15
431 358 7
431 441 8
431 843 12
431 680 3
431 906 9
433 783 16
433 481 14
433 498 3
433 15 18
433 230 7
433 604 16
433 83 6
433 134 8
434 254 3
434 276 6
435 607 14
435 977 13
436 170 10
436 249 14
436 207 13
437 228 8
438 981 20
438 415 16
438 336 6
438 570 15
438 168 16
438 711 1
438 70 10
439 232 13
439 244 16
439 470 14
439 591 14
440 686 10
440 314 8
442 593 9
442 97 18
443 752 15
443 92 10
443 112 9
443 983 6
443 696 20
444 196 7
444 117 1
444 950 6
445 472 10
445 725 11
445 928 14
445 642 4
445 974 6
446 135 8
446 871 7
446 956 8
446 550 9
446 208 1
446 526 18
446 719 12
447 919 13
447 597 7
448 951 22
448 164 9
448 67 8
448 542 11
448 851 11
449 381 7
449 813 8
449 444 3
450 479 17
450 566 11
450 537 4
450 591 9
451 550 17
451 233 9
451 788 11
452 668 8
453 184 12
454 260 3
455 393 5
455 112 13
456 903 10
456 368 18
456 247 24
459 775 6
459 324 11
459 798 16
459 983 7
459 851 8
460 517 7
460 903 16
460 448 10
460 469 12
461 68 8
461 516 3
462 11 14
462 919 24
463 897 21
463 825 15
463 364 2
463 376 2
463 392 9
463 901 9
463 968 21
464 942 9
464 135 17
464 756 9
464 611 9
464 319 8
464 17 14
465 4 1
465 431 17
465 921 14
465 373 9
465 679 12
466 696 6
467 697 12
467 477 6
467 680 6
467 549 9
467 995 1
468 583 17
468 997 4
469 464 1
469 652 12
471 513 7
471 476 4
471 571 12
471 411 7
471 302 16
472 936 11
472 788 1
473 695 2
473 838 10
473 757 5
473 638 5
473 973 15
473 513 13
473 249 8
474 292 16
474 531 13
474 254 4
474 724 11
475 452 14
476 627 7
476 404 14
477 149 8
477 325 12
477 881 5
478 830 7
478 874 6
478 877 4
478 413 4
479 871 10
479 342 9
480 65 2
480 385 8
480 818 12
480 637 13
481 797 14
481 121 5
482 574 8
482 586 11
482 816 19
483 412 11
484 343 9
485 454 5
485 385 13
486 857 14
486 704 17
486 678 9
486 388 6
486 958 1
487 403 11
487 841 5
487 585 4
487 807 9
488 991 15
489 910 16
490 689 5
490 821 8
490 785 18
490 566 16
490 234 14
490 657 2
490 908 11
491 300 8
491 43 7
491 727 11
491 938 14
491 840 9
491 848 5
491 512 12
492 426 6
492 665 19
492 925 8
492 769 9
493 120 6
493 311 12
493 626 9
494 824 12
494 989 9
495 15 11
495 782 12
495 393 7
495 856 9
496 368 13
496 200 7
497 847 7
498 279 13
498 889 5
498 669 2
498 64 8
500 456 16
500 904 18
500 721 9
502 364 12
502 204 11
504 764 11
506 92 10
506 143 8
506 605 13
506 941 12
506 656 12
507 31 8
507 606 6
507 581 9
508 801 2
508 726 13
508 892 12
508 428 14
509 551 6
510 882 19
510 443 7
510 333 9
510 275 9
510 300 14
510 702 8
510 475 3
511 148 12
511 981 6
512 365 16
513 817 7
513 46 14
513 821 10
513 721 17
513 767 6
514 186 13
514 926 9
514 532 4
514 279 4
514 69 8
515 138 12
516 220 2
516 726 7
516 169 2
516 827 10
516 307 9
517 971 2
517 553 15
517 200 13
517 400 22
517 104 6
517 82 5
517 843 9
517 438 10
518 358 18
518 144 9
518 140 2
519 834 12
519 292 2
519 122 4
519 199 15
520 110 13
521 168 4
521 21 4
521 831 11
521 936 11
521 208 12
521 758 8
522 469 12
522 487 15
522 827 13
522 607 9
522 707 7
522 553 7
524 777 7
524 534 14
524 861 17
525 749 11
526 88 14
526 61 15
526 149 10
526 193 6
528 144 16
528 993 10
528 632 2
528 502 8
528 137 5
528 773 8
528 336 3
528 430 7
530 895 15
530 536 15
531 541 6
532 64 6
535 557 4
535 372 15
535 1 6
535 765 13
536 130 16
536 470 11
537 252 15
537 958 3
539 78 13
539 960 4
539 512 10
539 855 11
539 494 18
539 374 9
540 604 9
540 583 12
541 436 12
541 754 9
541 776 12
541 580 8
542 747 2
542 408 14
542 83 14
542 885 16
543 181 17
543 420 14
543 316 13
543 77 8
543 956 17
543 857 9
544 141 12
545 514 10
545 230 12
547 142 9
548 280 11
548 361 1
548 613 14
548 533 10
548 320 3
550 691 19
550 494 13
550 832 7
551 546 4
551 989 14
551 207 12
551 151 12
551 572 17
551 643 19
551 905 9
552 349 17
552 224 8
552 653 12
553 757 16
554 307 6
554 538 10
555 939 16
555 728 8
556 854 3
556 17 6
556 685 5
556 712 8
556 158 11
556 200 17
556 942 13
556 301 8
558 480 7
558 303 2
558 914 19
559 14 12
559 623 10
559 606 12
560 508 10
560 456 11
560 152 10
560 497 13
560 663 14
560 304 16
561 69 14
561 306 6
561 210 14
561 418 17
561 531 6
561 863 2
561 176 6
563 839 15
563 402 6
563 116 12
563 567 16
563 257 12
564 133 9
564 253 5
564 969 11
564 292 9
566 453 10
566 911 1
566 593 10
567 933 6
567 215 9
567 508 15
568 948 16
568 838 8
568 114 11
570 456 6
570 294 8
570 267 5
570 954 9
571 958 9
572 571 13
572 23 13
573 265 10
573 782 10
573 442 15
574 796 9
574 645 9
575 619 10
575 635 8
575 48 14
576 735 12
576 202 10
576 305 7
576 869 13
578 455 9
578 274 8
578 909 20
579 186 6
579 754 12
579 842 14
579 401 8
580 263 5
580 791 8
580 239 5
580 377 17
580 247 12
580 534 18
581 645 14
581 201 15
581 492 5
581 217 7
581 225 8
582 758 1
582 999 4
582 668 10
582 554 14
583 645 4
584 288 9
584 189 13
584 693 18
584 24 6
585 392 13
585 998 11
585 893 3
586 848 11
586 273 14
587 54 12
587 757 11
590 459 6
590 809 12
590 600 12
590 860 19
594 73 19
594 391 14
594 100 15
597 450 6
597 639 1
597 635 9
601 96 19
601 841 12
601 127 4
601 313 17
601 67 12
602 886 13
602 313 16
605 735 9
605 440 2
605 958 12
606 24 7
606 629 5
606 652 5
606 48 11
606 22 8
608 651 11
608 941 7
608 870 7
608 924 8
609 995 17
610 628 8
610 384 2
610 805 8
611 228 15
611 245 14
612 878 9
612 620 11
612 345 16
612 329 12
612 260 2
614 980 10
614 425 13
614 101 7
614 108 18
615 739 15
615 168 10
615 994 11
616 52 8
616 904 7
616 434 5
617 928 10
617 64 19
618 664 8
618 976 11
618 86 3
620 315 9
620 918 9
620 957 11
620 240 17
620 914 6
620 585 9
621 625 14
621 719 12
621 814 8
621 870 4
622 598 8
622 435 10
622 215 8
622 928 13
623 695 10
623 196 7
624 353 5
624 796 4
625 304 7
625 93 9
627 965 6
627 298 12
627 146 7
628 870 4
630 733 12
631 158 5
631 798 12
631 822 15
632 775 8
634 885 10
634 138 8
635 693 11
635 842 11
635 379 12
636 607 14
636 428 16
636 4 9
636 327 10
636 243 12
636 875 6
636 925 2
636 678 3
637 90 5
637 853 9
637 373 11
637 286 2
638 207 10
638 170 7
638 591 6
638 301 14
640 135 13
641 890 10
642 448 6
642 5 8
642 624 7
642 606 6
642 804 17
643 422 11
644 429 9
644 579 11
644 307 16
644 568 11
644 273 16
644 150 8
646 948 6
648 881 9
648 578 15
650 953 1
650 208 11
651 821 7
651 828 7
652 134 14
652 500 7
652 919 10
652 988 3
654 873 16
655 206 3
655 196 12
655 44 3
655 797 8
655 498 10
658 179 16
659 687 4
659 946 10
659 185 14
659 311 2
660 553 4
660 989 16
660 734 14
661 983 5
661 569 14
661 41 14
661 551 2
662 843 5
662 191 8
662 500 12
662 724 16
663 770 11
663 453 8
663 933 8
663 592 12
663 281 5
664 67 5
664 92 14
665 200 16
665 56 6
666 966 2
666 407 11
666 253 7
667 10 10
667 204 2
667 751 1
668 190 4
668 892 8
668 698 14
670 375 5
670 204 6
670 251 10
670 365 9
672 938 14
672 234 2
672 934 4
673 980 8
673 786 6
673 777 16
673 171 10
673 286 6
674 502 9
674 941 7
674 739 22
674 435 4
674 533 8
675 21 4
675 503 16
675 626 6
675 222 16
676 559 12
676 592 15
676 629 7
677 813 5
677 603 14
677 834 6
677 564 19
680 793 7
680 726 10
681 263 6
683 169 17
683 931 10
683 515 10
683 534 10
683 869 8
684 750 11
684 468 13
684 849 5
685 536 9
685 246 9
685 21 13
685 823 3
685 748 8
685 963 16
686 563 8
687 183 13
689 497 9
690 585 8
690 687 8
690 123 10
690 807 8
690 246 10
691 716 11
691 437 15
691 60 13
692 319 10
693 271 10
693 625 8
694 113 10
694 998 4
695 888 11
695 282 6
695 929 3
697 403 10
698 816 9
699 799 9
699 153 17
700 649 11
700 690 7
700 532 8
701 670 15
701 513 9
702 280 11
702 634 13
703 77 7
703 464 11
704 131 10
705 662 16
706 151 16
706 255 7
706 469 11
706 398 11
708 971 4
708 906 13
709 458 15
709 291 9
709 178 19
709 83 8
709 404 12
709 176 21
710 972 10
712 686 8
713 106 3
713 375 5
713 503 11
714 905 10
714 529 9
715 788 10
716 554 12
716 219 11
716 321 13
716 225 12
717 733 4
718 601 7
718 859 10
720 810 9
720 66 10
720 990 7
720 472 19
720 218 3
720 245 14
722 942 7
722 617 6
724 217 11
725 849 5
725 76 10
725 508 18
725 27 9
727 159 10
727 912 6
727 204 4
727 131 2
728 599 9
729 310 17
729 507 10
729 103 9
730 216 9
730 36 6
730 891 14
730 770 11
730 256 5
731 212 22
732 995 13
732 989 16
732 814 6
733 854 6
733 800 14
733 881 15
733 845 2
733 272 9
734 100 6
734 90 7
734 215 4
734 717 13
734 307 17
736 64 7
736 793 5
736 816 2
736 92 1
737 953 9
737 729 22
737 297 4
737 85 17
738 328 17
739 607 5
739 592 9
740 431 7
741 823 5
741 629 10
741 323 12
741 594 5
742 885 10
742 536 9
742 590 17
742 875 16
742 351 12
742 444 7
744 675 9
744 233 6
745 290 6
745 948 5
745 333 17
745 381 8
746 163 17
746 51 9
746 689 11
746 228 10
747 844 12
748 505 4
748 321 10
748 797 9
749 234 7
749 618 7
750 883 2
751 563 10
751 226 9
751 475 7
751 995 5
751 50 8
753 105 7
753 644 16
754 990 8
754 855 16
754 234 12
755 866 1
755 207 13
756 679 12
756 541 15
756 440 8
758 970 14
758 490 15
758 774 10
759 351 6
759 653 4
759 825 6
759 40 10
759 882 3
759 669 10
761 545 14
761 203 3
761 467 10
761 780 16
761 821 5
764 350 10
765 343 9
765 47 6
765 826 17
765 338 10
765 97 11
765 931 7
766 657 14
766 742 18
766 922 20
766 513 6
766 976 8
767 788 12
767 720 9
767 656 7
767 330 11
767 160 7
768 626 17
768 820 8
768 935 13
768 977 4
768 474 8
770 760 1
770 18 14
770 356 13
771 429 13
772 563 6
772 560 9
772 897 6
774 344 15
774 381 10
776 248 5
776 687 15
776 429 18
777 74 15
777 26 6
777 526 10
777 6 11
777 683 12
777 269 9
777 928 5
778 197 14
779 246 7
779 716 10
779 917 15
779 902 7
779 46 15
781 78 12
781 529 14
781 867 16
781 13 14
781 507 10
783 341 15
783 773 9
783 525 3
784 697 6
784 203 7
786 89 22
786 257 15
786 101 15
786 433 19
786 639 20
786 349 19
786 121 15
786 68 9
787 424 12
789 147 9
789 595 17
789 430 13
789 831 9
790 864 6
790 358 16
790 28 7
790 111 7
790 75 12
791 946 20
792 14 1
792 121 20
792 25 5
792 543 17
792 988 14
793 38 14
793 51 19
793 330 6
793 812 8
794 576 5
794 28 13
795 16 7
795 666 18
795 285 3
795 117 4
797 100 5
797 925 13
798 466 11
799 222 3
800 994 12
802 890 11
802 369 6
802 589 8
802 320 4
803 201 4
803 454 10
803 679 10
803 230 2
805 566 12
805 754 9
805 177 13
805 580 8
805 876 1
806 202 11
806 123 13
807 865 5
808 241 4
808 175 6
809 195 6
810 53 10
810 751 10
811 223 6
811 69 10
811 418 14
811 509 7
811 187 12
812 519 5
812 434 10
812 653 6
812 741 7
812 428 5
812 544 9
812 110 6
812 18 6
812 865 8
813 312 14
813 473 14
813 544 3
813 543 17
814 39 10
814 299 7
815 720 12
817 619 7
817 175 7
817 922 3
817 743 9
817 40 15
817 164 4
818 918 5
818 236 12
818 217 7
819 670 7
819 459 6
821 287 10
822 89 14
823 968 8
823 475 5
823 608 10
824 403 12
824 128 13
824 349 11
824 832 6
825 673 13
825 460 11
826 850 4
826 539 10
827 772 7
828 324 12
828 83 17
828 316 4
830 363 13
835 383 11
835 36 14
835 983 13
835 558 4
835 959 5
835 727 5
836 599 12
836 123 14
836 645 12
836 835 10
836 341 8
837 316 20
837 295 13
837 628 9
837 405 10
837 263 10
838 104 9
839 13 5
839 667 9
839 232 19
839 362 10
840 499 8
840 906 11
840 822 14
840 350 9
840 445 18
842 595 11
844 674 9
844 529 3
844 911 4
844 38 10
844 912 8
844 947 6
844 21 17
844 470 15
844 907 19
844 749 7
846 70 14
847 30 22
847 394 13
853 905 14
853 371 12
853 710 9
854 200 9
854 0 4
854 116 10
854 464 15
855 104 15
855 129 11
855 131 3
856 337 13
856 491 14
856 631 7
856 244 8
857 314 1
860 981 15
860 689 13
863 909 9
864 655 9
864 219 9
864 820 10
864 694 9
864 131 6
866 768 7
866 716 6
866 602 16
866 676 12
867 465 20
868 672 6
868 706 5
868 859 11
868 578 9
868 78 15
870 570 10
871 779 10
871 79 1
871 686 2
871 243 7
871 183 15
872 816 8
873 375 15
873 521 5
874 307 11
874 6 14
874 765 12
874 622 8
876 987 13
876 455 11
876 531 9
877 643 11
877 674 6
877 352 2
877 337 18
878 806 4
878 121 9
878 53 11
879 408 7
879 797 4
879 518 2
879 80 4
879 504 8
880 378 4
880 659 5
881 582 15
881 949 12
882 438 11
882 661 16
883 636 2
884 682 17
884 845 10
886 452 3
887 57 6
887 366 2
887 760 12
889 64 5
889 132 14
891 382 8
893 52 6
894 587 15
894 914 12
897 695 5
897 262 11
897 267 6
897 33 8
898 68 7
898 388 13
898 87 15
898 476 14
901 186 9
901 606 13
904 557 9
905 690 4
905 984 9
905 217 14
906 272 8
906 934 13
907 655 9
907 934 13
907 570 11
909 338 6
909 779 8
910 23 5
910 395 12
913 146 8
913 783 9
913 460 7
913 279 14
915 166 12
915 512 13
915 866 11
916 80 2
916 208 9
919 129 7
919 347 11
919 241 12
921 197 14
923 736 8
923 328 11
923 674 6
924 922 16
924 934 20
924 232 14
924 613 19
924 919 6
926 449 8
926 886 3
926 853 7
926 105 4
926 820 11
927 424 10
927 443 9
927 600 9
927 447 12
928 839 8
928 747 8
928 231 7
930 299 14
930 26 11
930 397 5
930 811 12
931 892 11
932 477 12
932 19 7
932 22 6
932 825 18
936 261 4
936 219 9
936 562 15
937 589 1
937 894 11
937 484 7
937 524 2
937 126 9
937 98 3
937 444 16
938 576 10
938 984 5
938 297 9
938 681 8
939 804 14
939 722 10
940 124 24
940 405 9
940 169 7
940 963 5
940 152 11
940 401 11
940 262 15
940 178 10
941 798 6
941 74 8
942 71 9
942 276 16
943 93 9
943 102 12
943 355 12
943 313 9
944 664 9
944 208 11
944 149 13
945 469 10
945 334 1
945 247 16
945 913 19
945 910 19
946 231 6
946 211 7
946 592 11
946 36 7
949 933 15
949 716 13
949 441 9
949 103 11
949 680 12
949 594 2
952 504 12
952 942 8
952 772 9
952 303 5
952 17 13
955 844 9
956 579 5
957 110 9
957 938 8
957 681 11
957 466 17
959 251 15
959 346 16
959 410 15
959 459 16
962 495 3
962 880 12
962 794 10
962 742 6
962 793 13
964 705 7
964 973 2
965 5 5
965 297 7
966 10 6
966 938 14
966 14 9
966 452 13
967 42 12
968 694 8
968 46 6
968 547 7
969 637 15
969 818 4
969 850 10
970 654 8
973 663 6
973 430 16
973 765 18
973 601 3
975 112 13
978 231 9
978 853 10
978 458 12
978 642 16
978 312 17
979 953 9
982 522 14
982 107 17
982 696 9
982 316 9
982 813 3
983 670 9
984 321 10
984 111 16
984 680 7
984 260 11
985 126 10
986 132 20
986 303 12
986 820 14
986 178 10
986 850 16
987 458 11
987 997 13
987 701 17
991 113 9
991 661 15
991 131 13
991 878 2
991 262 7
992 244 4
993 110 9
993 115 11
995 702 14
996 753 2
996 428 9
996 656 10
998 276 12
998 536 12
998 352 1
998 592 5
998 349 10
