100
0 87 12
0 17 20
0 36 7
0 14 9
0 25 5
0 60 19
1 53 3
1 68 11
1 20 12
1 70 10
1 79 9
1 52 13
2 3 13
2 59 15
2 86 8
2 97 8
2 69 8
3 6 8
3 70 10
3 55 17
3 57 9
3 12 10
4 57 13
4 41 19
4 53 20
5 1 8
5 21 12
5 54 10
5 99 9
6 73 9
6 42 17
6 17 12
6 10 8
6 56 12
7 42 20
7 70 9
7 10 16
7 91 7
7 81 6
8 90 10
8 43 18
8 85 9
9 50 8
9 30 12
9 82 15
9 19 8
9 37 13
9 52 7
9 74 16
10 94 7
10 64 16
11 45 10
12 51 7
12 6 5
12 98 4
12 53 18
12 27 6
12 52 15
13 1 11
13 95 2
14 69 5
14 11 17
15 52 7
15 12 14
16 82 13
16 63 17
16 23 15
16 73 10
16 44 12
16 13 10
17 29 3
17 63 11
18 47 12
18 11 13
19 82 4
19 85 7
19 64 1
20 57 18
20 79 11
20 29 11
20 3 14
20 31 8
21 35 14
21 2 8
21 84 20
21 63 13
22 55 10
22 37 4
22 64 8
22 51 8
22 7 13
23 76 13
23 3 8
23 19 15
23 58 12
23 66 11
24 42 5
24 32 11
24 11 11
24 56 6
24 50 2
24 40 1
24 19 12
25 98 10
25 52 4
25 2 19
25 83 5
26 17 17
26 60 17
26 62 5
26 47 8
26 63 5
26 93 14
26 83 12
27 65 10
27 78 9
27 46 7
27 21 3
27 15 21
28 11 10
28 72 10
29 22 2
30 88 9
31 75 17
31 42 1
31 46 3
32 84 13
32 79 10
32 53 7
32 40 13
32 29 7
33 94 9
33 60 6
33 27 20
33 47 13
33 62 10
33 10 15
34 65 5
34 22 13
34 73 16
35 12 7
35 86 5
35 67 5
35 96 14
35 51 12
37 45 12
38 43 9
38 72 16
38 61 18
38 54 19
38 45 17
38 83 12
38 42 14
38 20 8
38 25 12
38 89 16
39 63 4
39 10 7
39 69 8
39 17 11
40 51 7
40 99 7
40 11 15
40 26 4
40 59 9
41 74 1
41 37 11
43 24 10
43 97 5
43 10 15
43 37 11
43 84 16
43 78 16
43 34 14
44 36 6
44 23 4
44 77 5
44 9 25
44 84 17
44 32 13
45 54 6
45 68 13
45 75 15
45 94 6
46 65 8
47 38 15
48 4 9
48 34 9
48 55 11
48 56 8
49 33 11
49 67 9
49 68 17
49 60 10
49 27 6
50 42 10
50 97 10
50 51 15
50 40 9
50 8 7
52 89 8
52 24 9
53 87 3
53 24 5
54 60 7
54 10 5
55 1 10
57 70 17
57 95 12
58 34 15
58 24 12
58 63 9
58 9 4
59 99 8
60 57 10
61 74 3
61 37 18
61 62 14
62 9 5
62 93 11
64 18 13
64 43 6
64 60 3
66 86 8
66 3 5
66 87 5
66 29 5
66 1 8
67 39 1
68 70 14
68 10 10
68 29 7
68 95 1
68 97 10
69 53 10
70 56 10
71 8 3
71 55 18
71 26 10
71 3 13
71 89 11
71 50 11
71 67 10
71 99 17
73 49 3
73 24 11
74 87 11
74 84 24
75 80 6
75 5 13
76 27 6
76 41 5
76 92 14
76 31 7
78 29 5
78 22 10
78 32 4
79 69 4
80 92 8
80 43 12
81 99 9
81 88 13
81 40 12
81 53 3
82 44 7
85 49 6
85 71 2
86 52 10
87 98 7
87 21 9
88 19 7
88 98 15
90 44 11
90 72 4
90 59 11
91 32 15
91 56 12
91 40 24
92 37 7
92 84 7
92 82 1
92 30 7
93 15 8
93 11 14
93 53 8
93 47 8
94 81 9
94 46 6
94 91 17
95 80 16
95 34 8
96 32 19
96 33 14
96 79 14
96 81 7
98 42 9
99 50 8
99 33 15
