250
0 137 5
0 88 8
0 195 1
0 150 21
1 95 17
1 138 13
1 102 7
1 126 12
1 192 13
2 70 4
2 171 13
2 69 10
2 192 9
2 237 8
2 182 9
2 39 7
3 169 12
3 220 18
3 222 10
4 34 15
4 188 15
4 214 9
5 50 15
6 190 13
6 119 12
6 189 5
6 211 2
6 2 12
6 248 2
6 164 7
8 50 12
8 136 10
8 2 5
8 245 7
9 37 7
9 98 12
9 134 7
9 140 14
9 224 15
9 77 3
9 211 12
9 145 9
9 146 12
9 153 13
10 132 7
10 78 5
10 193 10
10 52 13
10 49 15
10 166 11
11 87 12
11 237 11
11 130 11
11 137 17
11 178 9
11 0 10
12 77 8
12 139 7
12 2 16
12 76 2
14 54 7
14 52 5
14 212 5
14 56 11
14 48 11
14 0 7
14 154 10
15 183 8
15 140 3
15 129 4
16 10 9
16 101 6
17 24 8
17 156 8
17 5 9
17 157 19
17 235 8
18 199 10
18 210 9
18 35 8
18 116 5
18 47 10
18 23 8
18 247 7
18 185 6
18 201 2
19 247 20
19 12 16
19 91 12
19 249 11
19 88 10
19 145 11
19 52 6
20 51 3
20 202 19
20 100 7
21 107 16
21 34 9
22 191 9
22 236 5
22 45 6
22 43 13
22 11 4
22 202 9
23 49 10
23 169 14
23 187 5
23 249 3
23 129 13
23 222 11
23 115 9
24 176 9
24 245 12
24 112 5
24 111 5
25 197 9
25 109 7
26 124 13
27 39 4
27 109 10
27 212 16
27 185 7
28 161 6
28 13 11
28 137 11
28 12 13
28 65 10
29 245 8
29 47 6
29 6 15
29 231 2
29 92 17
30 50 3
30 243 8
30 44 11
30 100 7
30 162 7
30 232 15
31 99 14
31 42 11
32 205 12
32 214 1
32 219 16
33 201 7
33 77 9
33 81 17
33 149 4
34 187 3
34 205 16
34 188 1
34 46 14
35 167 6
35 123 16
35 208 14
35 181 1
35 11 6
36 221 19
36 246 12
36 6 3
36 18 3
37 3 2
37 238 11
37 111 8
38 54 14
38 231 6
39 155 6
39 154 14
40 144 17
40 138 19
40 3 24
40 187 7
41 94 22
42 218 12
42 156 18
42 45 15
42 46 17
42 237 18
42 194 12
43 233 13
44 193 6
44 133 11
44 29 8
45 110 23
45 6 13
45 238 13
45 17 15
45 209 11
46 39 6
46 24 18
46 227 17
46 43 11
46 12 3
47 88 12
47 97 18
47 243 6
47 244 7
47 1 9
47 138 4
48 133 5
48 5 14
48 75 11
48 227 14
49 224 13
49 232 10
51 219 12
51 217 7
51 3 9
53 163 9
53 100 13
53 33 14
53 24 21
53 107 12
54 21 18
54 66 13
55 124 12
55 231 16
55 106 4
55 148 11
55 209 2
55 149 17
55 161 6
55 47 8
56 246 6
56 154 17
56 42 2
56 248 16
56 43 2
56 176 4
57 3 5
57 119 2
57 153 13
57 228 9
57 101 18
58 176 9
58 248 10
58 71 3
58 144 8
58 1 14
59 234 4
59 244 10
59 35 15
59 8 3
59 102 10
59 57 9
59 74 8
59 227 11
60 38 13
60 181 7
60 126 7
60 247 17
60 80 9
60 37 8
60 45 5
60 76 9
62 192 9
62 88 14
62 74 13
62 235 10
63 14 10
63 78 12
63 104 4
63 168 8
63 56 10
64 206 15
64 95 9
64 55 4
64 27 15
66 239 5
66 56 7
66 11 13
66 234 17
66 92 12
66 19 8
67 86 8
67 149 6
67 94 9
67 63 9
67 187 3
67 25 10
67 189 9
67 185 12
68 106 15
69 226 2
69 230 6
69 182 12
69 169 14
69 68 2
69 7 7
70 154 10
70 83 7
70 85 19
70 9 9
70 1 23
70 142 10
71 215 4
71 96 13
72 197 15
72 242 16
72 86 12
72 4 3
73 70 13
73 97 12
73 24 15
74 157 9
74 246 14
74 119 1
74 220 16
74 184 5
75 145 12
75 160 5
75 119 6
75 1 2
76 137 4
76 100 6
76 183 16
76 56 16
76 168 10
76 191 10
76 211 4
77 1 6
77 27 14
77 220 8
77 3 2
78 169 13
78 186 1
78 99 10
78 117 10
78 178 11
79 185 12
79 122 12
79 183 11
80 6 19
80 219 9
80 207 13
80 163 9
80 215 7
82 76 1
82 134 4
82 150 6
82 221 9
82 45 8
82 20 7
83 222 11
83 183 6
83 120 4
83 156 7
83 239 12
84 39 17
84 97 11
84 201 11
84 41 10
84 124 18
86 171 22
86 44 14
86 108 5
87 144 14
87 162 13
87 36 9
87 80 8
88 34 8
89 220 4
89 86 12
89 3 13
89 177 11
89 0 13
89 219 9
90 3 6
90 135 1
90 120 5
90 225 2
90 180 16
90 140 8
90 198 7
91 113 10
91 10 10
92 105 7
93 103 13
93 49 13
93 202 6
93 54 4
93 90 10
93 77 16
94 226 10
95 134 8
96 122 7
96 84 16
97 29 10
97 34 16
98 121 14
98 109 8
98 69 8
99 91 6
99 196 10
99 73 16
99 19 9
100 196 11
100 43 6
100 23 5
101 82 13
101 163 18
101 248 8
102 13 9
102 53 12
102 197 9
103 127 4
103 64 8
104 52 9
104 230 8
104 113 14
104 5 16
105 35 13
106 204 9
106 82 13
106 12 15
106 89 11
106 205 12
106 97 5
106 118 16
106 240 9
106 219 7
108 228 5
110 59 7
110 61 9
110 174 10
111 132 17
111 80 12
112 121 21
112 176 24
113 103 12
113 204 10
113 89 10
114 102 10
114 217 12
114 143 17
114 49 16
114 94 12
114 207 6
115 75 13
117 71 8
117 107 9
117 111 17
118 26 13
118 190 12
118 123 7
118 115 5
118 145 6
118 221 6
118 234 6
118 136 8
121 190 3
121 213 6
123 195 12
124 1 7
124 137 2
124 78 10
125 82 12
125 9 16
125 4 11
125 186 12
125 213 14
126 94 9
126 38 4
126 180 18
127 237 13
127 88 2
127 25 11
128 195 3
128 191 7
128 100 10
130 17 11
130 48 6
130 211 12
131 43 11
131 239 10
131 85 8
131 159 7
131 134 9
131 56 4
131 143 9
131 21 11
131 247 15
131 107 13
131 217 8
131 249 7
132 244 9
134 45 2
134 81 3
134 4 12
135 50 24
136 17 3
138 218 14
138 145 20
138 56 13
139 148 6
139 132 9
139 145 6
139 173 14
140 78 2
141 86 8
141 24 7
142 95 9
142 135 9
143 235 4
143 138 13
144 124 7
144 70 1
146 48 17
146 127 7
146 192 16
146 30 14
147 124 4
147 49 10
147 247 7
148 124 9
148 44 10
148 43 13
149 205 9
149 48 6
149 94 7
150 223 12
151 16 9
151 239 9
151 30 5
152 165 13
152 122 8
152 176 13
152 89 10
153 200 17
153 12 18
154 113 18
155 45 14
155 147 12
155 99 10
155 184 12
156 22 13
156 170 13
156 233 24
157 31 24
157 48 7
158 175 4
158 61 16
158 173 1
158 224 11
158 59 15
158 47 6
160 18 13
161 102 7
161 3 14
161 67 13
162 196 1
162 227 6
162 84 16
162 185 15
162 7 11
163 249 7
163 57 14
163 183 8
164 89 11
164 8 13
164 196 7
164 202 8
164 54 6
164 94 7
165 52 14
165 239 9
165 116 11
166 222 17
166 147 11
166 20 9
166 209 13
166 193 2
167 122 13
167 18 5
167 241 19
167 140 16
167 121 13
168 244 13
168 207 5
168 68 11
168 221 16
168 42 12
169 4 8
170 229 9
171 41 5
171 62 15
171 163 14
171 130 6
172 70 10
172 109 12
172 83 13
172 124 5
172 203 5
173 136 12
173 114 9
174 69 19
174 109 5
174 86 9
175 217 11
175 129 8
175 234 8
175 176 10
177 73 14
177 106 5
177 195 9
177 65 12
177 246 13
178 67 5
178 59 5
179 204 6
179 135 17
181 31 12
181 246 12
181 139 13
181 10 7
181 38 9
181 201 17
181 173 17
182 169 8
182 21 6
186 33 8
187 2 13
188 146 9
188 236 15
188 139 2
189 11 15
190 56 12
190 248 7
192 97 18
194 23 8
194 128 12
194 81 11
194 200 15
194 201 15
194 188 3
194 146 1
195 17 9
195 185 12
196 213 20
196 76 14
196 139 5
197 98 18
198 108 4
198 136 19
198 237 10
198 118 10
199 175 14
199 189 1
199 42 6
199 94 7
200 211 6
200 75 11
201 97 2
201 107 15
203 62 2
203 236 10
203 119 13
203 118 15
204 234 8
206 216 6
206 141 8
206 112 13
207 48 14
207 92 22
207 64 21
207 237 11
208 238 9
208 81 7
208 172 5
208 201 21
209 158 11
209 62 19
209 49 14
210 16 6
210 198 9
210 37 19
210 135 5
211 124 6
211 226 12
212 178 13
212 218 23
213 187 13
213 3 6
214 66 4
214 45 12
214 65 9
215 52 12
215 165 1
215 184 20
215 37 6
216 131 18
216 76 5
217 150 5
217 180 10
220 168 11
220 214 5
222 167 9
222 156 14
222 46 17
223 90 7
223 108 8
225 205 16
228 152 15
228 157 6
228 221 10
229 100 3
230 195 10
232 107 4
232 225 14
233 172 7
233 35 10
233 194 10
233 110 4
233 39 17
235 10 9
235 156 8
238 105 10
238 63 13
238 71 10
240 39 4
241 100 16
241 203 17
241 116 15
241 0 9
242 134 9
243 34 4
244 215 13
245 52 7
245 191 7
