50
0 20 16
0 3 9
0 41 11
1 39 10
1 40 7
1 49 2
1 43 11
1 2 14
2 36 12
2 29 5
2 42 6
2 45 21
2 9 13
2 15 4
3 15 12
3 35 11
3 18 4
3 16 8
4 13 11
4 34 11
4 33 14
4 0 11
4 29 11
5 17 10
5 13 6
5 9 11
5 33 8
5 29 11
5 37 4
5 1 15
6 19 12
6 27 12
6 0 4
6 12 9
6 29 14
6 3 12
6 49 8
6 9 20
7 45 1
7 44 6
7 18 19
7 10 5
7 9 9
7 4 2
7 28 13
8 26 9
8 17 15
8 13 3
8 31 5
8 1 22
9 10 19
9 18 19
9 26 9
9 23 11
10 27 8
10 32 3
11 7 15
11 47 1
11 34 17
12 27 13
12 24 4
12 35 1
13 40 8
13 3 8
13 38 9
14 39 5
14 12 9
14 33 16
14 31 20
14 44 9
15 43 5
15 35 9
16 23 3
16 19 5
16 36 10
16 0 6
16 4 11
17 49 11
17 10 16
19 23 11
19 26 11
19 34 12
21 1 10
21 36 8
21 17 6
21 8 17
21 33 2
21 35 12
22 36 3
22 25 18
22 12 12
22 24 8
22 15 23
23 8 3
24 48 16
24 7 11
24 2 14
24 42 16
25 42 8
25 11 10
25 46 6
25 12 12
28 12 9
28 1 7
28 11 5
29 22 1
29 24 7
30 38 13
30 7 10
30 25 7
30 24 15
31 34 13
31 25 6
31 20 6
32 17 3
32 11 18
32 46 9
32 29 13
32 36 8
34 5 2
37 44 17
37 10 11
38 12 13
38 47 12
38 2 9
38 5 9
38 23 6
40 35 8
40 26 11
41 3 2
41 47 7
42 49 17
43 27 7
43 35 17
43 6 17
43 3 6
44 10 9
44 30 8
45 38 12
45 18 15
46 5 6
46 9 4
46 36 3
46 17 1
46 16 8
47 4 3
48 17 11
48 21 11
48 49 8
49 27 13
49 33 13
49 46 15
49 30 14
49 39 8
