500
1 7 7
1 485 14
1 358 6
1 479 8
1 85 14
2 450 13
2 488 14
2 59 12
2 268 8
2 449 16
2 454 12
3 10 3
3 182 12
3 108 11
3 30 10
3 97 15
4 67 8
4 424 17
4 387 8
4 275 8
4 23 18
4 119 21
4 247 7
4 434 17
5 147 14
5 331 5
5 243 7
6 284 10
6 297 16
6 208 8
6 305 5
6 304 12
7 194 11
7 164 5
7 284 6
8 280 7
8 114 10
8 273 6
8 339 8
8 382 15
9 222 5
9 294 8
9 393 16
10 405 6
10 402 11
10 424 10
10 2 12
11 469 11
11 348 1
11 389 6
11 244 16
11 372 1
11 9 4
11 492 11
11 306 1
12 156 6
12 324 4
12 50 8
12 441 6
12 121 12
13 258 16
13 247 1
13 426 13
14 452 3
14 411 7
14 210 1
15 233 12
16 25 8
16 483 10
16 73 4
16 408 10
16 206 10
17 367 12
17 302 7
17 111 6
18 269 14
18 226 8
19 114 6
19 238 9
19 75 14
19 3 6
19 483 7
20 447 10
20 13 10
21 475 10
21 254 10
21 170 10
21 300 7
22 305 10
22 112 12
23 421 10
23 63 1
23 359 9
23 347 9
23 16 7
24 270 7
24 57 9
24 249 7
25 296 6
25 41 14
25 322 16
26 205 6
26 247 7
26 189 6
26 7 10
26 359 10
26 459 9
27 234 9
27 473 11
27 198 4
27 309 6
27 477 9
28 181 5
28 257 13
29 491 4
29 157 9
30 12 4
30 161 6
30 458 3
31 317 5
31 273 6
31 379 13
31 381 12
31 132 5
31 226 4
31 398 10
31 403 15
31 284 6
32 147 12
32 199 7
32 326 7
32 470 14
32 404 18
32 74 14
33 160 9
33 412 20
33 434 14
33 120 8
33 146 9
33 408 8
34 318 12
34 456 2
34 385 10
35 0 16
35 214 14
35 376 8
36 158 13
36 226 9
36 38 5
36 116 5
37 44 7
37 311 1
37 495 13
37 425 12
38 444 17
38 222 11
38 324 7
38 347 11
38 7 18
38 472 9
39 47 16
39 334 14
39 442 19
39 452 5
39 408 15
39 103 17
39 364 7
39 343 6
39 223 12
40 10 17
40 251 7
40 42 15
40 466 12
40 136 8
40 180 8
41 13 17
41 200 12
41 407 9
41 52 7
42 317 22
42 451 3
42 364 6
44 313 7
44 377 7
44 308 10
44 36 9
45 202 14
45 156 8
45 44 8
46 174 13
46 204 7
46 378 12
46 117 6
47 156 7
47 287 7
47 220 14
47 20 7
48 130 10
48 444 12
48 30 13
48 381 8
48 486 10
49 497 15
49 18 9
49 29 14
49 178 11
49 32 5
50 230 13
50 85 12
50 84 10
51 47 4
51 37 12
51 448 4
51 360 5
51 415 14
51 257 10
52 396 6
52 117 9
53 413 12
53 440 7
53 292 3
54 117 11
54 319 4
54 409 6
54 273 10
54 106 24
54 130 15
54 294 12
55 237 4
55 75 10
56 325 12
56 118 5
56 61 11
56 322 9
56 136 8
56 91 4
56 1 7
57 168 9
57 321 16
57 87 7
57 253 8
57 369 8
57 124 3
58 201 11
58 229 15
58 40 8
58 458 8
58 126 7
58 158 8
59 372 9
59 67 8
59 450 15
60 490 17
60 387 15
61 360 12
61 264 8
61 493 7
61 490 12
61 58 10
62 230 4
62 65 17
62 383 3
63 349 8
63 127 16
63 206 2
63 485 6
64 218 5
64 207 16
64 154 14
64 40 15
64 294 6
65 407 7
65 409 8
65 419 5
66 109 4
66 139 12
67 460 7
67 68 10
67 266 15
68 118 7
68 440 12
68 334 12
68 69 10
69 430 7
70 221 8
70 429 8
70 194 5
70 215 14
70 420 6
70 253 12
71 445 11
71 485 10
72 136 13
72 295 5
72 113 5
72 343 26
74 281 13
74 331 18
74 51 6
75 435 13
76 372 1
76 345 8
76 343 7
76 282 1
76 265 14
77 453 8
77 421 13
77 225 10
77 21 10
77 188 13
78 344 13
78 461 7
78 22 9
78 414 15
78 392 3
79 243 11
79 344 8
79 86 4
80 458 11
80 264 7
80 339 7
80 404 10
81 250 6
81 476 21
81 199 8
81 363 16
81 320 17
82 480 4
83 195 1
83 371 1
83 416 5
83 67 6
83 217 14
84 260 10
85 350 4
85 482 11
85 213 8
85 271 2
86 208 11
86 234 3
86 459 10
86 53 9
86 196 3
87 482 9
87 467 11
87 88 9
87 225 7
87 311 14
87 175 9
88 184 17
88 76 7
88 15 1
89 326 12
89 492 12
89 289 12
90 190 15
90 312 15
90 270 15
90 385 12
90 183 12
91 186 8
91 453 14
91 400 12
91 447 12
92 303 15
92 383 12
92 160 8
92 75 10
92 91 6
93 395 10
93 35 5
94 145 9
94 92 11
94 17 11
94 112 4
95 180 3
95 243 14
95 424 9
95 356 5
95 428 5
95 0 17
96 371 1
96 18 15
96 327 5
96 363 14
96 307 8
97 17 8
97 175 5
98 77 17
98 403 11
98 358 17
98 264 4
98 357 7
98 259 2
98 211 3
99 161 15
99 142 3
99 372 13
99 237 12
99 234 12
100 268 10
100 272 12
100 379 13
101 360 14
101 290 17
101 492 9
101 40 6
101 33 13
101 416 8
101 396 16
102 462 9
104 417 3
104 268 6
104 480 8
104 245 9
105 131 20
105 287 13
105 263 10
105 307 11
106 365 7
106 166 5
106 129 2
106 24 11
107 425 10
107 341 9
107 186 13
107 68 7
107 214 13
107 423 9
108 303 7
108 482 14
108 195 2
108 182 4
108 342 6
108 486 6
108 175 11
108 383 7
109 20 17
109 92 7
109 280 13
110 482 23
110 9 1
110 49 7
110 463 2
110 255 17
110 180 8
110 250 1
110 18 6
111 488 8
111 116 14
111 185 11
111 154 15
111 246 11
112 209 11
112 80 5
112 87 13
112 395 2
112 148 3
112 302 7
113 319 12
113 452 20
113 284 14
113 15 11
113 134 15
114 127 13
114 1 6
115 310 10
115 11 6
115 21 4
115 402 15
115 292 8
116 3 2
116 412 12
117 341 13
117 466 11
117 167 11
118 22 14
118 217 5
118 185 7
118 11 4
119 334 8
119 370 18
121 165 6
121 80 9
122 80 2
122 245 5
122 168 12
122 476 8
122 394 13
122 470 8
122 295 11
122 346 11
123 255 4
123 310 5
123 481 12
123 383 10
123 312 12
124 291 13
124 394 19
124 333 13
125 194 3
125 187 14
125 337 14
125 106 4
125 29 16
126 304 12
127 274 8
127 52 19
127 22 13
127 460 9
127 356 9
127 331 4
128 229 22
128 436 9
128 411 7
128 474 8
129 105 5
129 388 7
129 369 8
129 75 18
129 184 7
129 216 12
129 331 7
129 495 2
130 197 7
131 214 10
131 307 8
131 489 11
131 109 8
131 140 1
132 184 11
132 296 13
132 478 10
133 290 14
133 326 13
133 282 7
133 65 13
133 378 6
133 304 13
134 25 12
134 442 8
134 161 14
134 356 13
134 171 15
134 98 7
135 267 7
135 146 5
135 203 6
135 156 7
135 16 18
136 279 17
137 340 12
137 232 2
137 110 10
137 335 11
138 430 7
138 324 13
138 143 8
139 419 6
139 433 3
139 284 10
140 104 10
140 230 13
140 262 22
141 394 12
141 56 10
141 45 5
141 460 10
142 434 10
142 350 6
143 485 15
143 377 9
144 11 13
144 341 16
144 48 4
144 109 10
144 195 20
144 312 9
144 265 12
144 211 11
145 91 8
145 106 9
145 443 10
146 202 10
146 442 14
146 373 16
146 26 8
148 85 10
148 293 4
148 459 15
149 370 9
149 397 11
149 189 12
150 132 13
150 292 2
151 245 3
151 177 17
151 252 13
152 180 7
152 27 6
153 237 9
153 57 15
153 39 13
153 79 12
153 106 6
153 148 3
153 188 9
154 301 16
154 461 8
155 454 10
155 12 17
155 53 13
155 61 12
155 455 15
155 255 14
155 3 15
156 329 13
156 281 14
157 89 10
157 122 11
157 241 6
158 459 6
158 19 2
158 431 6
158 91 14
158 312 11
158 177 5
158 269 16
159 64 3
159 358 7
159 297 10
159 302 6
159 415 9
160 336 13
160 381 5
160 22 2
160 485 13
161 70 5
162 323 13
162 447 7
162 24 10
163 335 3
163 0 9
163 85 10
163 291 6
164 256 6
164 89 10
165 120 18
165 38 17
165 178 6
165 243 8
166 279 11
166 137 15
166 263 24
166 211 7
166 229 12
166 75 12
167 388 14
167 499 15
167 140 12
168 246 10
168 296 6
168 442 7
168 162 15
169 133 12
169 324 14
169 184 3
169 119 5
170 394 13
170 7 8
170 66 12
170 418 11
171 343 8
171 66 12
171 4 10
171 135 11
172 322 19
172 93 18
172 256 6
173 360 7
173 271 9
174 0 4
174 140 14
174 409 19
175 263 15
175 351 6
176 139 5
176 339 12
176 240 5
176 479 11
177 486 20
178 436 11
178 422 13
178 148 6
179 69 11
179 246 18
179 333 8
179 188 10
179 140 17
179 341 4
179 254 17
181 59 25
181 184 14
181 321 1
181 63 10
181 320 11
181 144 7
181 157 11
182 77 3
182 5 11
183 429 17
183 77 18
185 145 8
185 338 12
186 340 15
186 497 10
186 478 9
186 179 5
186 237 8
187 117 13
187 159 13
187 223 8
187 53 1
188 81 8
189 372 7
190 123 12
191 328 8
191 205 9
191 311 8
191 468 4
191 46 7
191 66 9
191 28 13
192 231 6
192 388 12
193 91 3
193 52 9
196 32 8
196 248 12
196 129 10
196 37 4
196 177 16
197 206 21
197 183 10
197 16 14
198 47 12
198 180 6
198 495 1
198 227 18
200 418 14
200 112 13
200 386 4
200 142 14
201 166 9
201 468 14
201 14 15
202 289 11
203 296 5
203 220 9
203 101 13
203 265 10
203 267 13
204 168 7
204 293 16
204 498 6
204 56 2
204 385 16
204 51 8
204 88 7
207 134 8
207 180 9
208 126 10
208 312 8
209 386 7
210 310 12
210 329 16
210 433 10
210 490 14
210 324 14
212 160 11
212 409 10
212 437 19
212 47 11
213 51 8
213 103 14
213 15 9
213 66 8
213 392 14
214 312 7
214 287 1
214 494 10
215 77 9
215 54 3
215 162 7
217 371 7
217 53 11
218 256 6
218 104 12
218 307 13
218 390 13
218 284 17
218 433 14
218 203 12
218 171 13
219 243 8
219 32 14
219 105 8
219 234 17
219 356 3
220 266 5
222 143 17
223 294 8
223 313 12
224 195 9
224 397 7
224 329 19
224 262 10
224 290 8
227 141 8
227 49 15
227 284 10
227 218 13
228 103 8
228 446 9
228 90 11
228 156 12
228 164 10
229 346 2
229 260 10
230 471 11
230 237 1
230 45 14
231 405 6
231 440 9
231 217 12
232 149 13
232 473 12
232 322 11
232 384 6
233 330 12
233 88 14
233 28 7
233 124 4
235 402 8
235 223 13
235 22 9
236 231 3
236 485 7
238 312 7
238 373 12
238 34 16
238 96 14
239 92 8
239 137 15
239 43 15
240 182 4
240 294 16
241 208 8
241 28 11
241 55 15
241 179 12
241 266 11
242 101 16
242 85 7
242 207 8
242 318 18
244 234 3
244 180 6
244 140 16
244 118 15
245 11 8
245 229 3
245 146 12
245 135 10
245 132 8
246 370 7
246 157 15
247 364 20
247 356 11
248 470 15
248 237 10
248 390 4
248 67 9
249 329 11
249 28 6
249 110 8
249 11 12
250 323 6
250 318 5
251 378 12
251 498 7
251 306 24
252 479 10
252 84 11
252 14 7
253 298 3
253 319 12
253 194 6
254 439 12
254 438 16
254 206 9
256 168 5
256 84 6
257 342 13
258 301 1
258 455 6
258 0 9
258 165 9
258 311 6
258 470 11
259 402 15
260 202 9
260 37 12
260 231 15
261 230 7
261 148 11
261 243 12
261 53 15
261 466 5
261 284 11
262 432 7
262 465 7
262 91 11
262 412 10
263 49 9
263 210 12
263 368 6
263 300 11
264 149 7
264 306 8
265 6 8
265 318 4
265 391 3
267 348 5
267 119 1
267 347 10
269 348 10
269 284 6
271 158 7
272 319 10
272 187 12
272 361 11
272 356 7
274 419 17
274 91 19
274 5 18
274 162 9
275 145 6
275 471 8
275 447 10
275 78 6
275 437 12
276 38 12
276 490 4
276 486 14
276 143 9
277 201 11
277 355 18
277 444 13
278 350 9
279 162 8
279 451 2
279 169 12
279 54 3
279 299 18
279 288 14
279 401 6
280 148 10
280 73 6
280 60 16
280 467 15
280 260 13
281 421 1
281 324 3
281 179 8
281 12 4
282 329 7
282 342 12
283 158 13
283 301 17
283 289 4
283 237 10
283 239 5
285 328 21
285 227 8
285 226 17
285 472 16
285 428 6
285 81 8
285 416 5
286 279 1
286 244 11
286 367 3
286 448 10
286 298 4
286 167 16
286 237 5
287 199 13
287 316 10
288 311 17
288 259 2
288 284 5
288 71 18
288 180 10
291 108 7
292 251 13
292 193 10
292 438 8
295 94 13
295 352 5
296 240 9
297 384 8
297 89 21
298 479 14
298 212 7
299 317 14
299 206 9
299 184 19
300 246 15
300 287 7
300 101 11
303 25 17
303 31 20
303 469 2
303 474 6
303 329 17
305 137 15
305 212 13
305 29 12
305 453 11
305 23 20
307 288 11
308 237 3
308 95 11
308 469 8
308 346 11
309 347 18
309 163 15
309 285 6
309 441 6
313 15 3
313 26 14
313 326 2
313 105 3
314 6 8
314 39 11
314 422 12
314 212 16
314 224 14
315 168 10
315 499 11
315 325 6
315 194 13
316 31 7
316 295 15
316 168 6
316 361 14
316 432 8
318 381 10
320 391 3
320 385 14
321 404 7
321 179 11
321 122 10
323 0 11
323 149 8
323 469 13
325 347 9
325 313 13
325 254 7
325 289 7
325 329 10
327 280 7
327 116 12
327 434 14
327 286 14
328 155 6
328 357 11
328 499 7
330 379 15
330 25 8
331 499 17
331 204 3
332 220 15
332 30 5
332 0 16
333 388 7
333 392 15
333 432 12
333 270 13
334 283 13
335 317 9
335 174 4
336 463 9
336 440 8
336 175 11
337 113 2
337 409 6
338 22 13
338 426 4
338 164 9
338 312 11
338 255 14
339 445 10
340 428 15
340 190 6
341 232 4
341 83 15
341 47 19
341 231 6
342 462 8
342 73 6
342 230 14
342 167 10
342 293 10
342 261 9
343 167 19
344 182 1
344 154 10
345 99 8
345 452 14
345 437 7
345 417 3
345 127 6
345 401 9
346 358 14
346 302 9
346 14 7
349 267 10
349 325 11
349 441 14
349 432 9
349 138 11
350 196 15
350 377 12
350 67 9
351 387 13
351 110 9
351 150 13
351 434 12
351 341 17
352 113 15
352 8 12
352 72 2
353 281 5
353 302 8
353 333 12
354 449 3
354 484 7
354 488 12
354 49 9
354 437 15
354 425 2
355 467 9
355 65 6
355 327 16
356 325 3
357 368 14
357 341 13
357 92 19
357 194 10
358 282 2
358 25 10
359 332 16
360 479 16
360 403 8
361 399 11
361 367 7
361 13 8
361 50 16
361 301 4
361 354 10
362 164 8
362 310 4
362 427 20
362 446 13
363 112 16
363 261 1
364 395 11
364 97 10
364 249 15
364 445 13
364 34 12
365 175 12
365 412 4
365 100 20
365 2 11
365 237 7
365 468 6
365 344 14
365 330 12
365 162 18
365 126 7
366 355 16
366 495 9
366 106 8
366 258 2
366 395 9
366 473 12
366 271 7
367 445 9
367 275 18
367 126 19
368 110 9
368 86 8
368 53 10
368 56 14
368 198 16
368 314 5
368 452 8
368 295 17
370 63 11
370 397 8
370 330 4
371 238 2
373 310 16
373 430 5
373 241 13
373 47 7
373 399 19
373 85 8
373 377 14
373 61 15
373 212 18
374 233 6
374 56 15
374 318 18
374 492 3
375 452 14
375 292 14
375 263 22
376 397 8
377 68 8
377 390 7
379 8 9
379 154 14
379 444 7
379 65 12
379 353 15
380 258 8
380 18 19
380 149 16
382 322 5
382 416 14
384 480 13
384 61 6
384 226 10
384 410 7
386 302 6
386 273 17
386 310 13
391 387 7
391 151 10
392 371 19
393 99 6
393 384 13
393 428 9
393 418 9
393 376 8
393 380 5
394 211 19
395 140 9
395 278 12
396 279 13
396 31 3
396 287 9
398 434 12
398 475 2
399 352 8
399 287 10
399 234 13
400 371 1
400 436 8
400 57 12
400 287 5
400 416 3
400 118 12
403 13 8
403 327 5
404 421 11
405 286 7
405 137 10
406 309 13
406 438 7
407 9 16
407 409 17
407 323 6
407 438 10
407 328 12
407 200 13
408 319 13
410 39 8
410 341 3
410 98 8
410 319 8
412 372 12
413 385 9
413 253 8
413 347 16
413 238 14
413 40 12
413 82 10
413 109 7
414 477 9
414 139 18
414 396 6
415 394 9
415 257 16
416 409 1
417 222 4
417 179 14
418 196 18
419 360 7
419 488 13
420 135 14
420 370 8
420 397 10
421 458 14
422 308 12
422 226 2
422 158 9
422 128 13
422 265 8
423 499 10
423 226 10
424 84 10
424 372 12
424 111 6
425 338 5
425 220 5
427 349 7
427 379 15
427 302 6
428 459 11
428 356 8
428 441 15
429 355 10
429 251 11
429 199 10
429 265 10
429 473 13
429 378 17
430 462 17
431 334 10
431 367 8
431 97 18
432 204 10
432 265 9
432 56 18
432 12 5
435 491 9
435 214 8
435 140 9
437 257 15
439 214 7
439 367 7
439 341 10
439 86 11
440 478 16
440 180 8
440 306 7
441 328 10
442 59 1
442 108 19
442 288 9
442 416 13
443 50 12
443 143 7
443 167 8
443 249 10
444 409 10
446 141 10
446 128 4
446 372 6
446 475 11
446 496 11
448 469 10
450 179 12
450 261 21
450 26 3
451 192 9
451 253 10
451 240 10
451 333 15
453 10 5
454 455 2
454 200 14
454 352 5
454 42 4
454 179 9
455 32 9
455 348 5
456 7 3
456 91 7
456 457 7
456 295 11
456 8 10
457 439 3
457 175 8
457 258 6
457 349 11
457 316 12
460 386 14
460 221 16
460 292 19
460 383 10
461 191 11
461 471 10
461 145 10
462 217 12
462 164 7
462 398 15
462 458 9
462 497 5
463 408 8
464 413 11
464 198 5
464 261 4
464 455 10
464 377 19
464 293 15
465 304 15
465 385 6
467 385 14
467 262 11
467 181 10
467 393 12
467 270 4
470 121 15
471 68 7
472 28 8
472 470 12
472 385 11
474 415 8
474 192 14
474 177 5
474 298 11
475 383 4
476 149 12
476 443 10
477 101 8
477 314 7
477 342 5
477 59 13
477 312 8
477 251 4
478 473 18
478 10 15
478 12 16
478 429 16
479 387 14
480 306 8
480 234 11
480 273 3
481 192 15
481 496 15
481 454 10
481 85 2
482 266 6
482 75 9
482 154 11
482 295 14
483 46 4
483 39 9
483 210 19
483 238 6
483 217 12
483 9 11
484 122 8
484 367 6
484 453 10
484 223 12
487 181 6
487 295 9
487 283 14
487 494 7
487 46 7
487 257 17
487 4 2
488 59 12
489 186 12
491 392 4
491 365 3
492 420 15
492 165 5
492 57 5
493 417 13
493 119 4
494 143 8
494 183 7
497 194 11
497 297 7
497 478 10
497 240 7
498 337 6
498 189 12
498 479 3
498 55 6
499 198 16
499 101 16
