750
0 79 14
0 673 12
0 10 8
1 515 12
1 686 5
2 530 3
2 384 13
2 202 11
2 364 5
2 406 16
2 416 8
3 160 5
3 70 15
3 246 13
3 217 8
3 256 4
4 631 13
4 457 3
4 588 5
4 202 7
5 629 9
5 16 13
6 174 14
6 123 9
6 545 10
7 628 9
7 44 10
7 469 12
7 20 15
8 235 14
8 548 9
8 694 10
9 245 3
9 314 17
9 630 14
9 25 10
9 316 10
9 264 14
9 228 13
10 681 12
10 671 5
10 645 7
10 92 15
10 742 1
11 142 3
11 309 7
11 248 6
12 23 11
12 17 17
12 87 10
12 225 13
13 647 8
13 103 13
13 400 12
13 20 14
14 649 20
14 279 5
14 65 8
15 368 6
15 300 8
17 167 4
17 244 14
17 546 3
17 482 8
17 125 8
17 572 1
17 48 13
18 390 6
18 50 9
18 729 9
18 311 17
18 695 19
18 72 7
19 303 6
19 87 9
19 381 6
19 551 10
19 110 13
19 398 12
20 639 11
21 336 7
21 296 8
21 742 10
21 737 8
21 316 8
22 642 17
22 267 2
22 382 11
22 260 8
23 568 13
23 682 3
24 428 5
24 62 7
24 478 9
24 160 16
24 188 8
25 300 7
25 209 11
25 578 17
26 351 7
26 189 13
26 139 9
26 297 12
27 261 13
27 443 7
27 384 6
28 642 17
28 245 10
28 495 19
28 291 2
28 134 15
28 82 14
28 587 5
29 127 4
29 70 10
30 154 5
30 19 13
31 337 17
31 536 3
31 280 17
31 155 8
31 469 15
31 709 11
31 218 5
32 197 10
32 119 7
32 406 5
32 498 9
32 329 17
32 234 7
32 100 10
32 518 8
33 374 2
33 397 16
33 29 11
33 67 5
33 31 17
33 672 9
34 312 8
34 527 8
34 214 19
34 447 8
34 609 15
34 51 7
35 574 13
35 679 14
35 206 10
36 594 10
36 267 3
36 742 7
36 125 15
37 422 3
37 462 16
37 84 24
38 641 5
38 660 16
38 204 14
38 297 13
38 408 10
38 533 13
39 532 6
39 508 16
39 301 16
39 157 3
39 156 16
39 331 18
39 224 9
40 187 18
40 254 6
40 537 6
41 715 18
41 468 8
41 234 3
41 575 8
41 520 11
41 59 10
42 505 12
42 726 13
42 653 11
42 22 5
42 719 6
42 28 3
43 445 8
43 431 9
43 113 16
44 336 10
44 341 7
45 317 10
45 634 11
45 0 3
45 100 18
45 417 6
45 509 4
46 402 3
46 574 7
46 665 9
46 734 5
47 49 18
47 103 14
47 239 23
47 586 9
48 68 21
48 707 6
48 71 15
48 643 14
48 478 13
49 131 8
49 399 5
49 455 7
49 35 6
49 421 13
50 424 18
50 64 11
50 117 5
50 106 12
51 177 1
51 454 10
51 447 7
52 494 6
52 338 11
52 448 22
53 595 8
53 5 6
53 207 13
53 248 14
53 579 12
54 123 10
54 233 14
54 629 11
54 226 13
54 472 15
54 465 12
54 295 17
54 430 13
55 537 11
55 189 10
55 159 16
55 668 12
56 588 11
57 614 8
58 703 14
58 260 9
58 288 1
59 18 5
59 377 6
59 394 15
59 195 10
59 81 10
60 92 3
60 690 7
60 420 7
60 541 13
60 536 3
61 425 13
61 748 17
61 34 6
62 255 9
62 121 7
62 268 15
62 134 2
62 348 9
63 741 5
63 600 11
63 643 2
63 421 19
63 388 15
63 82 10
64 581 15
64 307 9
65 671 15
65 445 14
66 261 8
66 181 9
66 734 10
66 279 5
66 558 14
66 379 8
66 474 7
67 640 11
67 471 10
67 414 5
67 310 3
68 262 20
68 201 16
69 735 10
69 261 6
69 235 14
69 241 14
69 383 7
70 504 3
70 376 11
70 732 10
71 495 12
71 227 7
72 625 13
72 167 8
72 615 9
72 708 7
72 748 11
72 172 7
73 629 15
73 443 7
73 434 9
73 60 8
74 427 14
74 713 8
74 619 10
74 56 11
74 438 14
74 509 13
75 528 9
75 102 7
75 69 16
75 41 4
75 304 10
76 55 11
76 303 6
76 539 11
76 297 12
76 687 11
77 294 5
77 673 15
77 669 8
77 39 8
77 150 7
77 544 13
77 207 10
77 16 12
77 503 15
77 205 5
78 189 10
78 382 17
78 649 9
78 623 18
78 443 1
79 326 1
79 586 4
80 312 9
80 383 16
80 274 12
80 72 7
82 162 7
82 377 16
82 141 13
82 204 16
83 681 8
83 197 10
83 507 7
83 471 10
83 494 5
84 444 13
84 15 15
84 417 5
84 364 3
84 55 17
84 568 8
84 159 12
85 262 5
85 584 6
85 662 10
85 467 10
85 23 11
86 295 7
86 367 6
86 646 7
86 739 6
86 694 14
87 483 17
87 302 5
87 327 8
87 7 4
87 374 16
88 490 7
89 385 14
89 516 8
90 694 15
90 316 14
90 713 13
90 452 18
90 38 6
90 457 3
90 147 6
90 54 9
91 125 16
91 511 10
91 109 10
91 693 4
91 670 11
91 372 9
91 528 1
91 583 14
92 90 17
92 551 15
92 128 11
92 457 9
92 448 10
93 117 9
93 401 8
93 181 8
93 420 4
93 729 12
94 189 16
94 44 2
95 469 9
95 574 10
95 560 17
95 414 12
95 141 7
96 524 12
96 116 16
96 180 9
96 232 6
96 264 13
96 234 7
96 357 16
96 25 9
96 344 11
97 301 18
97 696 13
97 716 18
98 79 9
98 529 13
98 56 7
98 631 9
98 657 8
98 513 6
99 330 6
99 25 10
99 164 13
99 511 3
99 445 3
99 144 10
100 701 12
100 490 5
100 613 12
100 525 6
100 301 10
100 278 10
101 667 9
101 75 10
101 394 13
101 97 11
101 308 9
102 659 8
102 332 12
102 665 10
102 684 7
102 676 10
102 217 16
102 630 15
103 642 1
103 297 10
103 409 7
104 698 8
104 179 13
104 317 15
104 462 8
104 509 10
104 343 12
104 627 3
105 270 12
105 39 5
105 21 8
105 221 8
105 529 16
106 635 7
106 747 9
106 80 6
107 163 11
107 665 10
107 156 4
107 558 8
108 13 3
108 464 11
108 467 11
108 345 8
109 380 17
109 401 7
109 272 7
110 598 10
110 282 3
111 164 15
111 145 2
111 692 16
111 113 10
111 324 18
112 259 5
112 576 6
112 83 7
112 603 12
112 453 10
112 354 8
113 642 17
113 475 8
113 576 15
113 421 7
114 360 6
114 574 12
114 502 7
114 523 10
114 489 14
114 659 18
115 331 7
115 502 2
115 373 6
115 48 7
116 98 1
116 4 12
116 450 7
117 370 8
117 602 9
119 733 22
119 535 7
119 748 8
119 675 14
119 649 5
119 322 7
120 184 18
120 475 8
121 406 9
121 37 9
122 178 7
122 10 12
122 680 3
122 654 9
122 587 18
122 352 15
122 264 12
122 411 12
123 104 4
123 37 12
123 150 15
123 13 6
124 369 14
124 653 11
124 387 12
124 418 2
124 2 11
124 392 11
125 119 8
125 372 9
126 245 8
126 102 14
126 158 3
127 243 3
127 27 5
127 57 7
127 565 13
127 212 13
128 532 13
128 222 12
128 250 7
128 711 20
129 233 9
129 180 10
129 615 9
129 70 12
129 532 9
130 129 7
130 482 13
130 637 8
130 167 6
131 632 13
131 651 6
131 537 18
133 536 5
133 289 10
133 206 19
133 539 11
135 681 11
135 325 10
135 161 15
135 176 5
135 427 14
135 320 25
136 419 12
136 455 10
136 377 19
136 235 15
136 667 17
137 159 10
137 457 9
137 168 1
138 121 9
138 691 4
138 348 15
138 736 20
139 11 17
139 131 15
139 116 8
139 493 9
139 18 7
139 284 13
139 376 12
139 670 6
140 71 11
140 163 9
141 209 4
141 277 11
142 702 14
142 140 8
142 603 16
143 114 14
143 317 16
144 281 10
144 434 1
144 736 9
144 61 12
145 222 9
145 654 7
145 221 1
146 680 15
146 73 6
146 342 3
146 621 8
146 422 7
147 328 5
147 632 8
147 553 3
148 444 13
148 376 12
148 572 7
148 729 15
149 3 7
149 492 13
149 50 20
149 166 4
149 701 5
149 328 9
150 118 12
150 92 6
150 182 2
150 233 8
150 409 17
150 463 14
150 667 6
151 396 11
151 450 7
151 729 7
152 618 13
152 355 10
152 200 15
152 548 4
152 428 16
154 542 2
154 419 6
154 101 3
154 121 8
154 302 12
155 654 6
155 566 15
155 679 8
157 477 5
157 545 26
157 682 7
157 220 7
157 596 10
157 98 3
157 172 12
158 174 9
158 217 11
158 264 8
158 356 14
158 450 6
159 674 9
159 70 18
159 368 14
159 320 9
160 520 7
160 347 9
161 189 6
162 126 3
162 548 15
162 738 13
162 555 9
162 341 9
162 408 4
162 656 4
163 462 3
163 711 7
163 561 12
165 279 3
165 640 12
165 288 10
165 74 9
165 572 10
165 509 2
166 670 2
166 681 9
166 95 1
166 138 17
168 196 14
168 452 11
168 589 22
168 121 3
168 523 7
169 207 7
169 442 10
169 294 11
170 555 9
170 631 19
170 420 7
170 353 16
170 620 9
171 225 14
171 695 15
171 278 8
171 131 16
172 407 14
172 239 10
172 693 2
172 687 6
173 129 7
173 231 6
173 11 9
173 701 4
174 741 11
174 682 12
174 622 11
175 672 15
175 28 7
175 10 5
176 119 16
176 481 3
176 599 5
176 240 5
177 254 7
177 57 14
177 682 9
178 548 6
178 612 14
178 564 4
178 219 8
178 216 10
178 434 7
179 445 5
179 161 7
179 712 20
180 577 8
181 569 16
181 202 13
181 520 7
181 506 15
181 331 10
182 2 11
183 518 9
183 283 26
183 743 6
184 451 8
184 156 7
184 666 9
184 480 9
184 166 9
184 35 5
184 211 7
185 16 15
185 275 5
185 466 6
185 73 4
185 208 7
186 265 6
186 686 10
186 22 19
187 484 14
187 153 15
187 456 4
187 180 4
188 314 5
188 419 14
188 7 11
190 134 7
191 621 11
191 527 13
192 641 16
192 203 8
193 529 15
194 410 14
194 487 10
194 523 15
195 111 12
195 643 4
195 439 6
195 591 12
196 474 12
196 53 7
196 76 3
196 0 10
196 519 7
198 150 14
198 209 12
198 34 9
199 86 10
199 231 2
199 519 5
199 239 8
200 688 13
200 699 8
200 554 16
200 357 5
201 707 6
201 689 2
202 228 5
202 484 14
203 580 8
203 432 9
203 264 11
203 240 15
203 169 7
203 37 5
203 352 13
204 62 8
204 477 16
204 194 14
204 122 12
204 202 1
205 247 7
205 198 2
205 203 3
205 17 8
205 348 4
205 412 22
205 51 14
208 435 5
209 643 15
209 571 6
209 675 7
209 581 5
210 521 5
210 479 16
210 188 8
210 478 6
210 418 9
210 417 11
210 213 3
211 249 10
211 100 11
211 478 10
211 490 12
211 269 5
212 515 15
212 92 8
212 332 3
213 243 11
213 286 17
213 454 2
214 445 10
214 534 3
214 653 8
214 648 5
214 551 6
214 252 15
214 310 2
214 603 7
215 687 9
215 204 10
215 425 16
216 612 9
216 35 16
216 196 12
216 342 3
218 224 8
218 675 6
219 11 14
219 642 18
219 138 9
220 260 7
222 742 18
222 616 5
222 0 12
223 262 2
224 382 10
224 93 11
224 594 17
224 625 6
224 380 10
224 298 13
225 321 1
225 164 15
225 201 11
225 219 8
227 716 15
227 453 9
227 530 11
227 569 13
228 391 9
228 734 5
228 244 4
228 254 17
228 19 3
229 441 18
230 596 17
230 244 8
230 366 8
230 608 4
231 136 3
231 505 5
231 118 5
231 129 4
231 372 10
231 119 13
231 391 9
232 4 16
232 213 5
234 235 5
234 630 10
236 593 17
236 533 7
236 202 7
236 8 7
236 735 3
236 421 7
237 724 4
237 439 15
237 202 14
237 543 11
238 81 2
238 186 8
239 38 12
239 335 10
240 206 17
240 479 14
240 182 12
241 450 13
241 95 6
241 40 14
241 587 24
242 600 7
242 159 2
243 716 9
243 222 10
244 278 14
244 357 14
246 227 10
246 492 14
246 593 6
246 108 15
247 335 11
247 377 15
247 311 11
247 344 2
247 362 15
247 732 17
248 318 11
248 52 15
249 185 9
249 112 7
249 133 2
249 371 10
250 150 13
250 469 4
250 577 6
250 630 8
250 652 14
250 277 13
251 726 8
251 692 12
251 114 13
252 576 8
252 102 10
253 80 17
253 49 11
253 381 28
253 438 8
255 277 12
255 123 12
255 281 7
255 386 16
256 459 16
256 658 4
256 697 4
256 53 18
256 271 6
257 680 8
257 372 8
257 324 14
257 115 9
257 485 6
257 457 20
258 486 8
258 636 4
259 177 14
259 314 14
259 516 23
259 79 12
259 591 8
260 492 12
262 22 11
263 706 4
263 319 8
263 124 16
263 37 12
263 369 16
263 506 16
265 475 4
266 647 7
266 629 8
266 7 11
266 283 12
266 338 19
266 666 6
267 231 13
267 392 9
267 188 8
268 161 12
268 15 8
268 512 2
268 277 16
268 500 19
268 220 17
268 14 11
269 386 5
269 397 9
269 328 1
270 153 3
270 477 8
270 169 4
271 646 11
271 499 16
271 126 9
271 215 6
271 624 14
272 163 1
272 585 13
273 380 11
273 639 10
273 482 9
274 260 14
274 646 8
275 15 15
275 599 10
275 563 7
275 247 2
275 241 13
275 1 14
275 409 5
275 257 5
276 513 16
276 686 12
276 7 7
276 733 11
276 700 16
276 394 8
280 381 10
280 278 11
280 548 12
281 108 7
281 448 16
281 444 11
281 608 6
281 574 16
282 660 9
282 482 9
282 737 7
282 495 11
284 113 18
284 627 10
284 227 14
285 373 7
285 523 10
285 243 22
285 222 5
285 337 1
285 490 4
285 464 12
286 338 12
286 149 11
287 721 14
287 102 15
287 86 25
287 729 7
287 85 17
287 36 9
287 374 9
287 467 10
288 315 13
288 172 6
288 575 19
288 14 16
289 616 2
289 434 8
289 588 11
289 527 10
289 167 12
289 576 6
289 272 7
289 280 2
290 453 10
290 499 6
290 654 5
290 227 2
291 743 1
291 127 12
291 564 9
292 483 21
292 592 1
292 153 4
292 633 12
292 563 12
293 255 8
293 719 8
293 543 10
293 341 4
293 6 7
294 167 8
294 58 10
294 322 11
294 340 4
294 634 5
294 336 8
295 207 4
295 318 3
296 175 8
296 734 8
296 485 15
298 1 1
299 256 9
299 16 3
299 455 3
299 6 11
299 670 4
299 682 14
300 749 14
300 48 4
300 497 5
300 483 9
302 640 7
302 650 21
302 366 11
304 454 7
305 156 9
305 336 6
305 247 3
305 497 11
305 343 14
306 415 2
306 556 5
306 666 10
306 5 2
307 441 16
307 252 14
307 212 11
308 9 5
308 427 9
310 196 9
310 495 7
310 429 6
310 453 7
310 511 7
313 135 6
313 459 6
313 432 12
315 67 10
315 458 7
316 480 8
317 565 8
318 192 12
318 370 15
318 466 12
318 558 13
320 74 20
320 623 2
320 145 17
320 322 24
320 371 13
321 489 7
321 737 7
321 177 4
321 405 10
321 742 7
322 618 7
322 658 15
323 205 17
323 628 4
323 335 10
323 401 8
324 373 16
324 15 6
324 105 2
324 135 12
325 150 9
325 564 12
325 567 5
326 218 8
326 273 8
326 297 3
326 33 12
326 465 6
326 668 16
327 500 3
327 274 11
327 742 9
327 373 11
327 420 9
328 314 10
328 744 9
330 159 6
332 302 15
332 172 4
332 565 19
333 294 6
333 41 19
333 473 13
333 499 6
333 669 8
334 59 10
334 151 12
334 293 18
334 74 9
334 256 9
334 428 12
336 225 7
336 71 7
336 245 3
337 443 8
339 344 9
339 543 2
339 477 10
339 60 7
339 461 2
339 227 12
341 334 12
341 454 9
341 601 8
341 5 11
343 19 13
343 595 13
343 164 6
344 321 11
345 18 2
345 729 15
345 616 16
346 59 9
346 453 5
346 366 17
346 728 6
346 512 11
346 517 9
347 271 14
347 586 18
347 24 12
347 700 2
349 61 13
349 96 9
349 195 16
350 505 14
350 440 4
350 739 8
350 232 4
351 501 6
351 450 7
351 460 11
353 86 13
353 155 9
353 312 5
354 91 14
354 174 20
354 158 16
355 256 8
355 496 8
355 176 4
355 235 8
356 363 12
356 235 17
356 689 11
356 729 15
356 214 12
356 451 8
358 497 13
358 486 7
358 287 8
358 521 5
358 436 13
359 349 10
359 617 10
359 632 12
360 105 9
360 308 24
360 621 10
360 338 7
361 60 8
362 321 12
362 48 16
363 146 14
363 477 2
363 361 16
363 237 18
363 652 8
363 519 13
363 494 7
364 398 13
364 696 5
364 730 7
364 12 13
365 181 6
367 669 11
368 741 19
368 396 11
368 370 5
368 488 15
370 132 16
370 658 5
371 260 9
371 569 8
371 258 16
373 128 8
374 451 7
374 363 13
374 437 3
375 322 8
375 701 22
375 497 16
375 644 12
376 0 8
377 644 14
377 371 7
378 361 3
378 132 7
378 273 12
378 131 8
378 626 6
378 672 10
379 77 17
379 606 9
379 685 4
379 259 12
379 525 10
380 676 13
381 655 11
381 145 8
381 415 15
381 38 21
383 54 12
383 676 10
383 607 4
384 312 9
384 55 13
384 308 2
384 675 6
385 493 18
385 631 16
385 626 17
385 241 13
385 525 5
386 135 15
386 147 11
386 238 7
386 268 13
386 421 3
387 369 20
387 144 11
387 344 8
388 446 11
388 1 4
388 279 13
389 705 7
389 526 3
389 206 10
389 611 12
389 672 13
389 621 10
391 649 6
391 726 13
392 548 18
392 507 10
392 288 5
392 604 9
392 65 12
393 214 10
393 347 15
393 696 17
393 90 12
393 588 18
393 472 12
394 717 11
394 724 10
395 619 18
395 205 4
395 242 4
395 291 13
395 574 10
398 387 6
398 635 14
399 271 20
399 388 14
399 164 12
399 227 13
399 165 24
399 370 11
399 88 2
400 88 23
401 242 11
401 737 4
402 65 6
402 41 14
402 495 10
403 353 8
403 645 14
403 560 4
403 567 9
403 243 10
404 507 16
404 658 14
404 82 8
405 230 12
405 625 8
405 56 7
405 100 12
406 81 10
406 299 14
408 391 13
408 656 14
408 687 16
409 276 13
410 177 18
410 326 9
410 441 5
410 404 19
410 492 11
411 61 4
411 493 6
411 580 7
411 304 7
412 481 9
412 645 9
412 346 12
413 226 16
413 249 11
413 241 11
414 37 14
414 485 13
415 544 10
416 726 13
416 567 9
416 25 5
418 602 13
418 624 13
418 125 16
418 683 5
419 174 10
419 516 3
419 589 11
420 111 9
420 43 1
422 17 13
422 438 7
422 484 16
422 180 10
423 546 12
423 165 9
423 10 12
423 101 4
423 646 9
424 656 7
424 447 4
424 122 12
424 156 2
424 689 7
425 160 5
425 223 13
425 424 16
425 704 13
426 199 5
426 241 16
427 730 2
427 51 11
427 116 12
428 105 19
428 735 10
429 290 2
429 622 14
429 575 9
429 402 7
429 666 7
430 592 14
430 90 14
430 400 12
430 265 24
430 270 6
431 197 13
431 281 9
431 298 11
432 327 12
432 188 14
432 746 7
433 450 1
433 344 16
433 685 9
433 610 10
434 567 14
434 359 13
434 565 20
435 17 15
435 601 4
435 546 15
435 68 8
436 717 11
436 651 1
437 54 15
437 258 14
437 524 9
437 629 14
437 660 7
438 440 6
438 472 5
438 0 17
439 91 4
439 737 1
439 271 10
439 289 13
439 418 13
439 553 4
440 587 3
440 746 15
440 741 5
442 583 22
442 447 9
442 335 3
443 519 11
446 308 6
446 153 3
446 128 13
448 123 8
448 170 9
449 730 16
449 670 8
449 239 11
449 698 11
451 571 10
451 293 2
453 206 9
453 173 22
453 116 16
457 37 10
459 645 14
459 117 18
460 129 16
460 633 9
461 389 9
461 418 13
462 301 13
462 192 9
462 256 2
463 298 8
463 184 14
463 90 11
463 745 10
463 520 10
463 609 7
463 303 8
463 673 11
464 738 10
464 427 10
464 94 11
464 718 7
464 347 12
466 334 9
466 667 9
466 169 7
467 628 1
467 123 14
468 516 9
468 51 9
468 240 13
468 553 6
470 697 15
470 358 15
470 683 15
470 580 12
472 747 15
472 351 4
472 132 6
473 190 2
473 607 2
474 431 2
474 374 5
474 698 6
474 426 18
475 145 4
475 557 12
475 730 11
475 68 8
475 546 13
476 408 3
476 163 12
476 515 12
476 6 11
476 497 8
476 432 12
478 176 14
478 376 5
478 555 6
478 693 10
478 428 3
479 46 14
479 496 14
480 375 1
480 404 17
480 430 12
480 206 7
481 402 15
481 31 15
481 338 11
481 592 4
481 639 8
485 19 11
485 217 10
486 587 7
487 446 21
487 362 2
487 394 13
487 427 8
488 431 13
488 190 12
488 86 14
488 595 14
488 706 12
488 92 14
489 343 9
490 388 8
490 269 4
491 719 8
491 194 13
491 212 18
491 397 11
491 240 15
491 709 9
491 23 16
493 645 6
495 389 21
495 229 8
495 297 10
496 421 6
496 568 18
496 140 15
496 310 17
498 588 6
498 358 9
499 147 15
500 284 14
500 721 9
500 542 5
500 712 22
501 402 12
501 733 15
501 48 5
501 248 7
501 689 10
501 141 10
501 591 8
502 327 3
502 411 9
502 560 13
502 521 11
503 623 13
503 208 17
503 12 16
503 583 8
503 231 5
504 657 6
504 223 16
504 461 7
504 205 18
505 644 7
505 280 4
506 345 5
506 204 1
506 118 15
507 704 6
507 352 6
507 403 10
507 675 19
507 144 3
508 365 19
508 328 4
508 128 4
509 414 6
509 576 16
509 67 14
509 555 5
509 417 15
509 395 15
510 217 5
510 228 9
510 167 10
510 91 9
511 437 16
511 180 18
511 674 8
512 669 9
512 87 20
512 147 13
512 380 4
513 293 17
513 41 7
513 660 10
513 639 15
513 246 10
513 29 15
514 593 14
514 598 16
514 432 6
515 518 6
515 743 11
517 48 8
517 97 7
517 121 4
517 462 3
518 673 5
518 189 15
518 268 15
518 341 15
520 585 8
521 485 12
521 570 12
521 2 13
522 576 4
522 257 15
522 183 15
522 501 6
522 176 3
522 270 14
523 648 8
523 557 12
524 564 9
524 690 8
524 468 16
524 453 4
526 186 8
526 497 8
527 297 13
528 179 17
528 66 14
528 28 14
529 227 16
531 163 13
531 149 7
532 690 10
532 87 12
532 338 11
532 208 22
532 429 5
535 174 15
535 694 1
535 249 18
535 176 9
535 520 5
536 507 9
536 359 8
537 271 11
537 684 11
538 630 12
538 170 19
538 492 6
540 445 18
540 110 19
540 210 8
540 148 13
542 297 13
542 708 7
542 445 11
542 332 2
542 137 3
543 511 7
544 360 11
544 365 6
544 675 7
544 509 9
545 306 7
545 12 15
546 98 8
546 515 5
546 441 10
546 272 4
547 459 7
547 691 9
547 449 13
547 230 5
547 448 4
547 59 10
547 502 17
548 383 9
549 690 14
549 672 16
549 125 12
549 385 3
550 33 9
550 335 5
551 533 16
551 330 14
551 293 19
551 229 23
551 662 5
552 431 6
553 741 9
553 273 8
553 47 13
554 666 15
554 32 14
554 353 10
554 679 9
555 131 9
556 118 14
556 370 3
556 404 13
556 578 8
556 312 8
559 103 16
559 58 7
559 11 10
559 163 19
559 560 8
559 394 7
560 103 10
561 483 4
561 519 15
561 488 11
561 516 4
561 105 7
562 272 12
562 97 7
562 399 18
562 502 6
562 10 12
563 81 19
563 493 8
566 283 8
566 128 8
566 409 13
566 315 9
566 482 5
567 338 10
567 447 11
567 601 10
568 709 12
568 101 2
568 429 11
568 272 16
569 205 9
569 488 6
570 283 8
570 368 10
573 298 8
573 677 14
573 472 6
573 31 13
575 447 11
575 210 14
577 548 8
577 553 14
577 483 8
578 645 9
578 202 11
579 235 13
579 655 8
579 283 12
580 728 5
580 188 13
581 412 18
581 388 5
581 504 19
581 145 11
581 727 6
581 202 11
582 746 9
582 687 6
582 304 8
582 426 13
582 209 10
584 509 12
584 165 16
584 492 5
585 128 9
585 463 5
586 420 17
590 600 2
590 495 11
590 117 15
594 61 8
596 294 14
596 671 13
596 544 12
596 189 6
596 123 4
597 29 15
597 95 7
597 407 16
597 8 16
597 284 11
598 69 3
598 396 9
599 39 9
599 214 10
600 374 13
600 241 20
601 211 18
602 311 9
603 545 14
603 638 1
603 520 9
603 305 9
603 53 7
605 263 7
605 433 13
605 517 12
606 683 7
606 284 3
606 263 6
606 51 13
606 345 16
607 557 12
607 722 3
607 139 12
609 747 8
609 96 8
610 169 18
610 93 10
610 503 8
611 178 6
611 377 9
611 573 10
612 575 12
613 417 11
613 38 6
613 199 10
613 658 13
613 249 5
613 510 7
614 454 4
614 138 11
615 281 9
615 9 12
615 191 6
615 544 7
616 443 12
616 709 10
617 478 10
617 727 5
618 222 8
618 529 14
618 323 6
619 30 15
619 502 14
619 463 16
620 27 10
620 598 3
620 632 15
620 120 1
620 352 10
622 60 12
622 498 7
622 175 15
623 635 14
624 165 10
624 213 14
624 85 16
625 74 2
625 463 10
625 596 15
625 528 9
625 601 6
626 127 9
626 538 14
626 43 15
626 672 6
627 232 3
627 2 9
628 401 17
629 209 11
634 225 20
634 181 15
634 533 2
634 255 6
634 683 9
635 246 11
635 282 12
635 532 14
635 128 8
636 403 8
636 135 6
636 189 10
636 152 19
636 310 15
636 75 2
637 318 9
637 524 18
637 160 10
637 392 6
638 238 11
638 6 5
638 171 8
638 89 11
638 134 18
640 710 6
641 133 10
641 57 3
641 135 13
641 458 12
641 402 7
641 360 14
641 639 12
642 185 7
642 616 12
642 573 7
642 431 16
642 149 11
643 356 12
644 560 11
644 552 16
646 491 19
646 749 5
647 705 16
647 52 6
647 74 7
647 273 6
647 577 16
649 234 11
649 666 6
649 65 11
650 241 7
650 87 6
650 155 4
650 375 6
650 48 7
650 288 7
651 432 9
651 240 1
652 424 15
652 141 9
652 642 12
652 35 8
652 30 4
653 77 8
655 651 8
655 604 4
655 509 4
655 50 9
655 210 5
655 319 11
656 603 8
656 702 9
657 318 10
657 559 12
657 5 7
657 393 8
659 82 19
661 582 16
661 628 8
661 749 15
661 647 1
661 119 10
661 86 9
661 53 7
662 495 12
662 134 14
663 341 14
663 178 13
663 375 9
663 16 8
663 319 12
663 267 7
663 51 5
663 350 14
663 345 12
664 702 11
664 204 9
664 104 12
665 3 18
665 415 9
668 424 9
668 607 7
668 368 12
671 742 6
671 416 10
674 373 10
674 386 15
674 498 2
674 205 15
674 264 15
676 498 7
676 103 7
676 384 5
677 585 12
677 156 3
677 129 12
677 720 18
677 498 7
677 308 4
677 345 2
678 514 4
678 627 11
678 613 7
678 565 4
678 227 15
679 209 18
680 518 10
680 432 7
680 313 1
682 521 13
684 98 11
684 737 6
684 378 8
685 466 2
685 730 7
688 44 17
689 89 22
689 367 11
689 543 16
689 295 14
690 631 6
690 292 6
690 398 8
691 266 7
692 127 15
695 554 6
695 396 5
695 97 8
699 302 10
699 704 11
701 442 9
702 66 6
702 582 17
702 305 13
705 632 21
706 60 9
708 514 7
708 400 7
708 492 9
708 78 5
710 172 10
710 591 15
711 66 7
711 550 8
711 307 11
712 47 20
712 595 7
713 397 9
713 414 15
713 389 10
714 692 2
714 296 7
714 681 12
715 340 1
715 562 7
717 58 14
718 145 11
718 208 12
719 155 11
719 448 4
719 163 4
720 598 15
720 515 14
720 745 15
720 154 6
721 397 15
721 55 15
722 669 14
722 47 10
723 548 5
723 747 5
724 219 4
724 389 9
725 64 13
725 20 12
725 697 14
727 112 4
727 616 11
728 344 12
728 526 5
728 255 9
731 286 14
731 73 11
731 187 12
732 627 3
732 635 9
732 245 11
733 22 10
736 94 15
736 401 16
736 471 4
736 257 13
736 250 13
738 236 10
738 252 13
738 404 19
738 633 16
738 308 8
738 323 13
738 680 17
740 106 10
740 321 9
740 150 7
740 495 9
740 385 7
740 170 11
740 443 6
741 497 11
743 36 14
743 37 14
743 274 12
743 292 10
744 324 4
744 347 9
744 479 8
744 201 8
744 233 12
745 725 2
745 224 10
745 327 13
745 377 6
746 695 14
746 585 4
749 627 7
